1.721695959568023682e-01
1.705224812030792236e-01
1.453022658824920654e-01
1.390383392572402954e-01
1.236606910824775696e-01
1.098351329565048218e-01
1.040151566267013550e-01
9.775141626596450806e-02
9.263859689235687256e-02
9.111683070659637451e-02
8.829259127378463745e-02
8.379539102315902710e-02
8.055850863456726074e-02
7.781977206468582153e-02
7.499416917562484741e-02
7.319513708353042603e-02
7.140077650547027588e-02
6.865033507347106934e-02
6.610284745693206787e-02
6.411152333021163940e-02
6.200991943478584290e-02
6.012344360351562500e-02
5.856494605541229248e-02
5.665231868624687195e-02
5.469111725687980652e-02
5.312771350145339966e-02
5.151039361953735352e-02
4.990601167082786560e-02
4.851368069648742676e-02
4.694241285324096680e-02
4.539003968238830566e-02
4.406436160206794739e-02
4.265104979276657104e-02
4.130668565630912781e-02
4.006088897585868835e-02
3.870533406734466553e-02
3.747954219579696655e-02
3.628735989332199097e-02
3.507206961512565613e-02
3.396409749984741211e-02
3.279247134923934937e-02
3.168836981058120728e-02
3.062911704182624817e-02
2.954918704926967621e-02
2.854386717081069946e-02
2.750205248594284058e-02
2.651913836598396301e-02
2.553839422762393951e-02
2.456830628216266632e-02
2.363744750618934631e-02
2.270340360701084137e-02
2.182263322174549103e-02
2.093926444649696350e-02
2.011284232139587402e-02
1.927672326564788818e-02
1.847778633236885071e-02
1.768409647047519684e-02
1.693743653595447540e-02
1.618856191635131836e-02
1.546375360339879990e-02
1.474840566515922546e-02
1.407358981668949127e-02
1.340595819056034088e-02
1.276665925979614258e-02
1.213676575571298599e-02
1.153673604130744934e-02
1.094561256468296051e-02
1.038101874291896820e-02
9.832889772951602936e-03
9.303651750087738037e-03
8.794033899903297424e-03
8.300351910293102264e-03
7.828604429960250854e-03
7.368797436356544495e-03
6.928874645382165909e-03
6.503083743155002594e-03
6.094858981668949127e-03
5.707395263016223907e-03
5.333690904080867767e-03
4.980053286999464035e-03
4.643728956580162048e-03
4.322901368141174316e-03
4.020201973617076874e-03
3.731886390596628189e-03
3.458553459495306015e-03
3.201623912900686264e-03
2.958641853183507919e-03
2.730035688728094101e-03
2.516014967113733292e-03
2.314412733539938927e-03
2.126509323716163635e-03
1.951033016666769981e-03
1.786959590390324593e-03
1.634976360946893692e-03
1.494494732469320297e-03
1.364510040730237961e-03
1.244399813003838062e-03
1.134273246861994267e-03
1.033124746754765511e-03
9.400423150509595871e-04
8.546960307285189629e-04
7.768301293253898621e-04
7.058681221678853035e-04
6.409628549590706825e-04
5.819447105750441551e-04
5.285060615278780460e-04
4.800725728273391724e-04
4.360406310297548771e-04
3.961967013310641050e-04
3.601274802349507809e-04
3.277111682109534740e-04
2.983792219310998917e-04
2.717159222811460495e-04
2.473531058058142662e-04
2.251210535177960992e-04
2.048471505986526608e-04
1.864354126155376434e-04
1.696983672445639968e-04
1.544986007502302527e-04
1.406965020578354597e-04
1.281880540773272514e-04
1.168809103546664119e-04
1.066514232661575079e-04
9.737148502608761191e-05
8.898055239114910364e-05
