1.721695959568023682e-01
1.705224812030792236e-01
1.453022658824920654e-01
1.390383392572402954e-01
1.236606910824775696e-01
1.098351329565048218e-01
1.040151566267013550e-01
9.775141626596450806e-02
9.263859689235687256e-02
9.111683070659637451e-02
8.829259127378463745e-02
8.379539102315902710e-02
8.055850863456726074e-02
7.781977206468582153e-02
7.499416917562484741e-02
7.319513708353042603e-02
7.140077650547027588e-02
6.865033507347106934e-02
6.610284745693206787e-02
6.411152333021163940e-02
6.200991943478584290e-02
6.012344360351562500e-02
5.856494605541229248e-02
5.665231868624687195e-02
5.469111725687980652e-02
5.312771350145339966e-02
5.151039361953735352e-02
4.990601167082786560e-02
4.851368069648742676e-02
4.694241285324096680e-02
4.539003968238830566e-02
4.406436160206794739e-02
4.265104979276657104e-02
4.130668565630912781e-02
4.006088897585868835e-02
3.870533406734466553e-02
3.747954219579696655e-02
3.628735989332199097e-02
3.507206961512565613e-02
3.396409749984741211e-02
3.279247134923934937e-02
3.168836981058120728e-02
3.062911704182624817e-02
2.954918704926967621e-02
2.854386717081069946e-02
2.750205248594284058e-02
2.651913836598396301e-02
2.553839422762393951e-02
2.456830628216266632e-02
2.363744750618934631e-02
2.270340360701084137e-02
2.182263322174549103e-02
2.093926444649696350e-02
2.011284232139587402e-02
1.927672326564788818e-02
1.847778633236885071e-02
1.768409647047519684e-02
1.693743653595447540e-02
1.618856191635131836e-02
1.546375360339879990e-02
1.474840566515922546e-02
1.407358981668949127e-02
1.340595819056034088e-02
1.276665925979614258e-02
1.213676575571298599e-02
1.153673604130744934e-02
1.094561256468296051e-02
1.038101874291896820e-02
9.832889772951602936e-03
9.303651750087738037e-03
8.794033899903297424e-03
8.300351910293102264e-03
7.828604429960250854e-03
7.368797436356544495e-03
6.928874645382165909e-03
6.503083743155002594e-03
6.094858981668949127e-03
5.707395263016223907e-03
5.333690904080867767e-03
4.980053286999464035e-03
4.643728956580162048e-03
4.322901368141174316e-03
4.020201973617076874e-03
3.731886390596628189e-03
3.458553459495306015e-03
3.201623912900686264e-03
2.958641853183507919e-03
2.730035688728094101e-03
2.516014967113733292e-03
2.314412733539938927e-03
2.126509323716163635e-03
1.951033016666769981e-03
1.786959590390324593e-03
1.634976360946893692e-03
1.494494732469320297e-03
1.364510040730237961e-03
1.244399813003838062e-03
1.134273246861994267e-03
1.033124746754765511e-03
9.400423150509595871e-04
8.546960307285189629e-04
7.768301293253898621e-04
7.058681221678853035e-04
6.409628549590706825e-04
5.819447105750441551e-04
5.285060615278780460e-04
4.800725728273391724e-04
4.360406310297548771e-04
3.961967013310641050e-04
3.601274802349507809e-04
3.277111682109534740e-04
2.983792219310998917e-04
2.717159222811460495e-04
2.473531058058142662e-04
2.251210535177960992e-04
2.048471505986526608e-04
1.864354126155376434e-04
1.696983672445639968e-04
1.544986007502302527e-04
1.406965020578354597e-04
1.281880540773272514e-04
1.168809103546664119e-04
1.066514232661575079e-04
9.737148502608761191e-05
8.898055239114910364e-05
8.135160896927118301e-05
7.439152977894991636e-05
6.803599535487592220e-05
6.221979128895327449e-05
5.689233512384817004e-05
5.201520616537891328e-05
4.755349073093384504e-05
4.347564754425548017e-05
3.973949424107559025e-05
3.631516665336675942e-05
3.318965900689363480e-05
3.032388121937401593e-05
2.770801984297577292e-05
2.532482903916388750e-05
2.316305108251981437e-05
2.120916360581759363e-05
1.946459269674960524e-05
1.797942059056367725e-05
1.685901770542841405e-05
1.638153662497643381e-05
1.722021988825872540e-05
2.107538239215500653e-05
3.207277040928602219e-05
6.089446469559334219e-05
1.307515776716172695e-04
2.921198902186006308e-04
5.736289895139634609e-04
8.910412434488534927e-04
7.653696229681372643e-04
2.400493540335446596e-04
2.343818050576373935e-05
3.471257805358618498e-04
4.370746028143912554e-04
8.160682045854628086e-05
7.986865239217877388e-05
3.084437630604952574e-04
1.368257071590051055e-04
1.729321957100182772e-05
1.924143580254167318e-04
1.241706631844863296e-04
6.802609277656301856e-06
1.260238932445645332e-04
9.373613283969461918e-05
4.816302407562034205e-06
8.898319356376305223e-05
6.511245737783610821e-05
4.182791599305346608e-06
6.641230720560997725e-05
4.307779818191193044e-05
4.404962965054437518e-06
5.068295649834908545e-05
2.748694896581582725e-05
4.901533884549280629e-06
3.867677878588438034e-05
1.709264870441984385e-05
5.267067535896785557e-06
2.922617386502679437e-05
1.052137486112769693e-05
5.263511866360204294e-06
2.182168827857822180e-05
6.616315658902749419e-06
4.793881544173927978e-06
1.622104537091217935e-05
4.347165486251469702e-06
4.065504526806762442e-06
1.202675139211351052e-05
3.074651431234087795e-06
3.191113592038163915e-06
8.940066436480265111e-06
2.368875811953330413e-06
2.320596422578091733e-06
6.664772172371158376e-06
1.984197297133505344e-06
1.560907890052476432e-06
4.953726602252572775e-06
1.785136419130139984e-06
9.565492291585542262e-07
3.633922915469156578e-06
1.680198010944877751e-06
5.363572768146696035e-07
2.577259010649868287e-06
1.605799525350448675e-06
3.052329589081637096e-07
1.716039832899696194e-06
1.507432443759171292e-06
2.438812316540861502e-07
1.030968064696935471e-06
1.338461629529774655e-06
3.112761248758033616e-07
5.301046712702373043e-07
1.081896016330574639e-06
4.374927584649412893e-07
2.313902598416461842e-07
7.587410664200433530e-07
5.377663683248101734e-07
1.294800711093557766e-07
4.334897312219254673e-07
5.401295766205294058e-07
1.715800976853643078e-07
1.901522352909523761e-07
4.254176246831775643e-07
2.585039169389347080e-07
8.694858877333899727e-08
2.467409387918451102e-07
2.882668184156500502e-07
1.083055281014821958e-07
1.019660160750390787e-07
2.218603896153581445e-07
1.645818912265895051e-07
5.887128651238526800e-08
1.109872158622238203e-07
1.646133114263648167e-07
9.197532335747382604e-08
4.655294105759821832e-08
9.916611531934904633e-08
1.135393645768090209e-07
5.616107756623023306e-08
4.030907874152944714e-08
7.843829052944784053e-08
7.838519167080448824e-08
3.875248921758611687e-08
3.288391781097743660e-08
5.820129089784131793e-08
5.607054376355335990e-08
2.948227972865424817e-08
2.496997808520973194e-08
4.134943054623363423e-08
4.158394517617125530e-08
2.409361599120529718e-08
1.822787254468494211e-08
2.819888678118331882e-08
3.127370717947997036e-08
2.078183136688949162e-08
1.361521917431218753e-08
1.822477457835702808e-08
2.285652200839649595e-08
1.824910000891577511e-08
1.136787375344283646e-08
1.137356786529153396e-08
1.541971883511905617e-08
1.531850557512370870e-08
1.071328270541016536e-08
7.847598126886623504e-09
9.352326024725243769e-09
1.131335736204164277e-08
1.003289451517730413e-08
7.024781645270650188e-09
5.819458248623732288e-09
6.949755437801741209e-09
7.883434349764684157e-09
