1.721695959568023682e-01
1.705224812030792236e-01
1.453022658824920654e-01
1.390383392572402954e-01
1.236606910824775696e-01
1.098351329565048218e-01
1.040151566267013550e-01
9.775141626596450806e-02
9.263859689235687256e-02
9.111683070659637451e-02
8.829259127378463745e-02
8.379539102315902710e-02
8.055850863456726074e-02
7.781977206468582153e-02
7.499416917562484741e-02
7.319513708353042603e-02
7.140077650547027588e-02
6.865033507347106934e-02
6.610284745693206787e-02
6.411152333021163940e-02
6.200991943478584290e-02
6.012344360351562500e-02
5.856494605541229248e-02
5.665231868624687195e-02
5.469111725687980652e-02
5.312771350145339966e-02
5.151039361953735352e-02
4.990601167082786560e-02
4.851368069648742676e-02
4.694241285324096680e-02
4.539003968238830566e-02
4.406436160206794739e-02
4.265104979276657104e-02
4.130668565630912781e-02
4.006088897585868835e-02
3.870533406734466553e-02
3.747954219579696655e-02
3.628735989332199097e-02
3.507206961512565613e-02
3.396409749984741211e-02
3.279247134923934937e-02
3.168836981058120728e-02
3.062911704182624817e-02
2.954918704926967621e-02
2.854386717081069946e-02
2.750205248594284058e-02
2.651913836598396301e-02
2.553839422762393951e-02
2.456830628216266632e-02
2.363744750618934631e-02
2.270340360701084137e-02
2.182263322174549103e-02
2.093926444649696350e-02
2.011284232139587402e-02
1.927672326564788818e-02
1.847778633236885071e-02
1.768409647047519684e-02
1.693743653595447540e-02
1.618856191635131836e-02
1.546375360339879990e-02
1.474840566515922546e-02
1.407358981668949127e-02
1.340595819056034088e-02
1.276665925979614258e-02
1.213676575571298599e-02
1.153673604130744934e-02
1.094561256468296051e-02
1.038101874291896820e-02
9.832889772951602936e-03
9.303651750087738037e-03
8.794033899903297424e-03
8.300351910293102264e-03
7.828604429960250854e-03
7.368797436356544495e-03
6.928874645382165909e-03
6.503083743155002594e-03
6.094858981668949127e-03
5.707395263016223907e-03
5.333690904080867767e-03
4.980053286999464035e-03
4.643728956580162048e-03
4.322901368141174316e-03
4.020201973617076874e-03
3.731886390596628189e-03
3.458553459495306015e-03
3.201623912900686264e-03
2.958641853183507919e-03
2.730035688728094101e-03
2.516014967113733292e-03
2.314412733539938927e-03
2.126509323716163635e-03
1.951033016666769981e-03
1.786959590390324593e-03
1.634976360946893692e-03
1.494494732469320297e-03
1.364510040730237961e-03
1.244399813003838062e-03
1.134273246861994267e-03
1.033124746754765511e-03
9.400423150509595871e-04
8.546960307285189629e-04
7.768301293253898621e-04
7.058681221678853035e-04
6.409628549590706825e-04
5.819447105750441551e-04
5.285060615278780460e-04
4.800725728273391724e-04
4.360406310297548771e-04
3.961967013310641050e-04
3.601274802349507809e-04
3.277111682109534740e-04
2.983792219310998917e-04
2.717159222811460495e-04
2.473531058058142662e-04
2.251210535177960992e-04
2.048471505986526608e-04
1.864354126155376434e-04
1.696983672445639968e-04
1.544986007502302527e-04
1.406965020578354597e-04
1.281880540773272514e-04
1.168809103546664119e-04
1.066514232661575079e-04
9.737148502608761191e-05
8.898055239114910364e-05
8.135160896927118301e-05
7.439152977894991636e-05
6.803599535487592220e-05
6.221979128895327449e-05
5.689233512384817004e-05
5.201520616537891328e-05
4.755349073093384504e-05
4.347564754425548017e-05
3.973949424107559025e-05
3.631516665336675942e-05
3.318965900689363480e-05
3.032388121937401593e-05
2.770801984297577292e-05
2.532482903916388750e-05
2.316305108251981437e-05
2.120916360581759363e-05
1.946459269674960524e-05
1.797942059056367725e-05
1.685901770542841405e-05
1.638153662497643381e-05
1.722021988825872540e-05
2.107538239215500653e-05
3.207277040928602219e-05
6.089446469559334219e-05
1.307515776716172695e-04
2.921198902186006308e-04
5.736289895139634609e-04
8.910412434488534927e-04
7.653696229681372643e-04
2.400493540335446596e-04
2.343818050576373935e-05
3.471257805358618498e-04
4.370746028143912554e-04
8.160682045854628086e-05
7.986865239217877388e-05
3.084437630604952574e-04
1.368257071590051055e-04
1.729321957100182772e-05
1.924143580254167318e-04
1.241706631844863296e-04
6.802609277656301856e-06
1.260238932445645332e-04
9.373613283969461918e-05
4.816302407562034205e-06
8.898319356376305223e-05
6.511245737783610821e-05
4.182791599305346608e-06
6.641230720560997725e-05
4.307779818191193044e-05
4.404962965054437518e-06
5.068295649834908545e-05
2.748694896581582725e-05
4.901533884549280629e-06
3.867677878588438034e-05
1.709264870441984385e-05
5.267067535896785557e-06
2.922617386502679437e-05
1.052137486112769693e-05
5.263511866360204294e-06
2.182168827857822180e-05
6.616315658902749419e-06
4.793881544173927978e-06
1.622104537091217935e-05
4.347165486251469702e-06
4.065504526806762442e-06
1.202675139211351052e-05
3.074651431234087795e-06
3.191113592038163915e-06
8.940066436480265111e-06
2.368875811953330413e-06
2.320596422578091733e-06
6.664772172371158376e-06
1.984197297133505344e-06
1.560907890052476432e-06
4.953726602252572775e-06
1.785136419130139984e-06
9.565492291585542262e-07
3.633922915469156578e-06
1.680198010944877751e-06
5.363572768146696035e-07
2.577259010649868287e-06
1.605799525350448675e-06
3.052329589081637096e-07
1.716039832899696194e-06
1.507432443759171292e-06
2.438812316540861502e-07
1.030968064696935471e-06
1.338461629529774655e-06
3.112761248758033616e-07
5.301046712702373043e-07
1.081896016330574639e-06
4.374927584649412893e-07
2.313902598416461842e-07
7.587410664200433530e-07
5.377663683248101734e-07
1.294800711093557766e-07
4.334897312219254673e-07
5.401295766205294058e-07
1.715800976853643078e-07
1.901522352909523761e-07
4.254176246831775643e-07
2.585039169389347080e-07
8.694858877333899727e-08
2.467409387918451102e-07
2.882668184156500502e-07
1.083055281014821958e-07
1.019660160750390787e-07
2.218603896153581445e-07
1.645818912265895051e-07
5.887128651238526800e-08
1.109872158622238203e-07
1.646133114263648167e-07
9.197532335747382604e-08
4.655294105759821832e-08
9.916611531934904633e-08
1.135393645768090209e-07
5.616107756623023306e-08
4.030907874152944714e-08
7.843829052944784053e-08
7.838519167080448824e-08
3.875248921758611687e-08
3.288391781097743660e-08
5.820129089784131793e-08
5.607054376355335990e-08
2.948227972865424817e-08
2.496997808520973194e-08
4.134943054623363423e-08
4.158394517617125530e-08
2.409361599120529718e-08
1.822787254468494211e-08
2.819888678118331882e-08
3.127370717947997036e-08
2.078183136688949162e-08
1.361521917431218753e-08
1.822477457835702808e-08
2.285652200839649595e-08
1.824910000891577511e-08
1.136787375344283646e-08
1.137356786529153396e-08
1.541971883511905617e-08
1.531850557512370870e-08
1.071328270541016536e-08
7.847598126886623504e-09
9.352326024725243769e-09
1.131335736204164277e-08
1.003289451517730413e-08
7.024781645270650188e-09
5.819458248623732288e-09
6.949755437801741209e-09
7.883434349764684157e-09
6.897730830957016224e-09
5.040340589346214983e-09
4.237304729315383156e-09
4.803122344299026736e-09
5.405766057009486758e-09
4.972414480164388806e-09
3.845240126310045525e-09
3.085756983267629039e-09
3.160971040472304594e-09
3.571384521450227112e-09
3.586402286259726679e-09
3.050015129346661524e-09
2.401627785530990877e-09
2.110626784457281246e-09
2.219513461909627949e-09
2.397565701528492355e-09
2.335409643450248041e-09
2.009454380669239981e-09
1.636944246818927695e-09
1.435592533738372367e-09
1.444278918683039592e-09
1.529784521281385423e-09
1.534881555187439517e-09
1.403273275357719285e-09
1.192492105062115115e-09
1.008513494937801624e-09
9.189988214863831217e-10
9.182800631002407954e-10
9.456780913907891772e-10
9.405700662767912945e-10
8.791566363797187478e-10
7.760636577813784243e-10
6.683396058804191853e-10
5.896400034899329512e-10
5.521169077482568355e-10
5.455959017908185160e-10
5.482550524682494597e-10
5.415132231512131966e-10
5.163588445711297936e-10
4.740520753721000347e-10
4.234526618240863627e-10
3.742706977671872437e-10
3.345141108557214693e-10
3.069924037202298450e-10
2.906155316395597765e-10
2.817211464112290287e-10
2.765004336602316926e-10
2.713942404142244413e-10
2.646237673431528492e-10
2.554889078076882925e-10
2.436354451518241149e-10
2.301801249604551458e-10
2.160683992835643608e-10
2.021679768038353586e-10
1.889981643410365564e-10
1.768088453424354611e-10
1.659025139488790046e-10
1.567301843863333488e-10
1.493547091557800854e-10
1.445178698933347050e-10
1.425299600565921310e-10
1.444454555965535292e-10
1.520314985015147613e-10
1.681308148260285407e-10
1.978011920922284617e-10
2.499340179262787842e-10
3.422913064099475378e-10
5.095867616766724950e-10
8.156463837671878991e-10
1.379770742104824421e-09
2.438299340212779498e-09
4.462214597822367068e-09
8.391428885090590484e-09
1.614272804317806731e-08
3.168366902173147537e-08
6.336824043273736606e-08
1.289585611630172934e-07
2.670739434051938588e-07
5.622124490400892682e-07
1.203879492095438763e-06
2.616190613480284810e-06
5.780444098490988836e-06
1.292279375775251538e-05
2.933829455287195742e-05
6.680872320430353284e-05
1.531846937723457813e-04
3.403091104701161385e-04
7.224492728710174561e-04
1.282078912481665611e-03
1.719176769256591797e-03
1.167847309261560440e-03
1.766247005434706807e-04
1.889525883598253131e-04
7.731402874924242496e-04
4.310744989197701216e-04
2.060702718154061586e-05
4.498879425227642059e-04
3.210603317711502314e-04
2.018636223510839045e-05
3.389203920960426331e-04
1.565881539136171341e-04
5.505284934770315886e-05
2.577302511781454086e-04
3.259496224927715957e-05
1.198224199470132589e-04
1.360980677418410778e-04
1.007090486382367089e-05
1.392070698784664273e-04
2.585402762633748353e-05
6.262715760385617614e-05
7.577027281513437629e-05
7.741011359030380845e-06
8.103405707515776157e-05
9.112830412050243467e-06
4.513267049333080649e-05
3.416292747715488076e-05
1.065124160959385335e-05
4.517753404797986150e-05
1.328017788182478398e-06
3.378576366230845451e-05
1.112430345528991893e-05
1.392032208968885243e-05
2.176142697862815112e-05
1.804492057999596000e-06
2.203293843194842339e-05
1.927417542901821434e-06
1.351535320281982422e-05
8.042118679441045970e-06
4.237947905494365841e-06
1.191216142615303397e-05
3.205070697731571272e-07
1.017894101096317172e-05
1.920869635796407238e-06
5.166547452972736210e-06
5.100930138723924756e-06
1.099872292797954287e-06
6.161985766084399074e-06
2.260202336401562206e-07
4.396860276756342500e-06
1.677076397754717618e-06
1.694144202701863833e-06
3.100253707088995725e-06
1.714702477784157963e-07
2.993054522448801436e-06
3.847164293802052271e-07
1.653034246373863425e-06
1.331513658442418091e-06
3.795104817072569858e-07
1.748793465594644658e-06
5.743029163340906962e-08
1.265793912352819461e-06
5.003821570426225662e-07
4.510364703946834197e-07
9.293754601458203979e-07
3.087127709022752242e-08
8.419534651693538763e-07
1.672187863732688129e-07
3.941952968489204068e-07
4.669878421736939345e-07
5.262233315761477570e-08
5.173818067305546720e-07
5.390918289549517795e-08
2.897740785101632355e-07
2.337195326163055142e-07
5.534130309570173267e-08
3.064333782276662532e-07
1.802506943704429432e-08
1.936493561061070068e-07
1.204199406856787391e-07
4.452606106042367173e-08
1.795827984096831642e-07
7.652253941614617361e-09
1.210680125041108113e-07
6.681530351215769770e-08
2.923459163639563485e-08
1.063442454096730216e-07
4.146246901370886917e-09
7.231115262129605981e-08
4.032506240037037060e-08
1.649709169271318387e-08
6.397484497711047879e-08
3.124669412102321076e-09
4.122722074839657580e-08
2.659146147721003217e-08
7.753333974847009813e-09
3.876374776723423565e-08
3.041175977713805878e-09
2.204655658033516374e-08
1.864506238291596674e-08
2.809376287160603169e-09
2.319710290521470597e-08
3.409343252158691939e-09
1.064333154943142290e-08
1.334118504559000939e-08
6.670652363816031993e-10
1.326380960620099358e-08
3.786672753136599567e-09
4.305817924432631116e-09
9.334652162351630977e-09
2.475914473443197039e-10
6.878885017158609116e-09
3.844300877631212643e-09
1.234554791729181034e-09
6.050360212839223095e-09
6.643234851111401440e-10
2.970438783833628804e-09
3.424656558337346723e-09
1.661596277235943830e-10
3.410491444810759276e-09
1.165844754069667033e-09
8.984895605301801425e-10
2.569546575514891629e-09
1.492265755409505346e-10
1.516341940899224028e-09
1.340929811632918245e-09
1.174983443874566547e-10
1.536007099289804501e-09
4.470790126998025471e-10
4.341201842450459480e-10
1.118544923350839326e-09
6.456365997387081279e-11
6.535700869392258028e-10
6.062149671137717633e-10
4.032165573653045954e-11
6.567308363791823922e-10
2.353630623730396110e-10
1.490752798982697414e-10
5.052429585816753388e-10
5.276461906289497961e-11
2.381955188646145416e-10
3.097992973266627814e-10
8.747925994700977981e-12
2.570538226720486819e-10
1.500666951814721983e-10
3.066955717168085016e-11
2.192303005799089988e-10
5.371508099427657612e-11
6.369257204985601106e-11
1.557640683103045376e-10
1.154840632844322812e-11
8.221917591200167408e-11
9.487156893417392212e-11
3.031973760600492618e-12
8.196397727200377403e-11
4.948548168459687702e-11
8.314604213466303406e-12
6.899230492463104270e-11
2.153008674121714705e-11
1.569606944418211469e-11
5.185719909039931963e-11
7.436133306337744386e-12
1.990481564295709660e-11
3.455431080157111978e-11
1.859637010354076025e-12
2.041218409576384119e-11
2.122649798985687397e-11
8.255893798464475353e-13
1.856248141307581534e-11
1.256317098963233292e-11
1.360445393491782617e-12
1.553692591249600241e-11
7.087094799906878961e-12
2.105053327830508358e-12
1.232610367940534246e-11
3.814879401958792826e-12
2.678907443098843544e-12
9.490975713677407555e-12
1.943271498577869849e-12
2.773528368776867481e-12
6.610142988527911712e-12
8.789280067644789085e-13
2.620727853480664393e-12
4.544583025872794835e-12
3.885232521989856469e-13
2.385599530418947012e-12
3.145764248049798262e-12
2.005485350269758937e-13
2.005375466379577531e-12
2.123844503043592624e-12
1.241228934955110330e-13
1.665341584251855966e-12
1.447660350969992571e-12
1.146871226459511561e-13
1.279707893472870062e-12
9.760909528561123594e-13
1.049424219398686908e-13
1.024313988663705377e-12
6.887603009632370377e-13
1.072174372397129150e-13
8.604899019888645473e-13
5.336193184372894915e-13
1.135487849037407349e-13
8.055762003647548575e-13
4.609384163418994707e-13
1.160017990952527667e-13
7.786954674821044975e-13
4.128275683541043906e-13
1.241224191570605706e-13
8.129666644735022984e-13
4.127420519077495964e-13
1.287722641192534656e-13
8.214205140730235222e-13
4.133682328724685995e-13
1.218361891409946995e-13
8.406554532353061049e-13
4.325801869486944895e-13
1.080435518613018231e-13
8.150636741054151369e-13
4.474910025864531349e-13
9.084805119557309849e-14
7.742994071434361469e-13
4.798905413674892095e-13
6.243270467666886536e-14
6.905613234020613334e-13
5.142845784650296181e-13
3.994875041662612758e-14
5.172756754184826278e-13
4.603778296086158406e-13
3.807722095527238393e-14
3.036364562558624414e-13
3.039055281300190314e-13
3.972615693435127548e-14
1.681932587996315398e-13
1.519119031956339683e-13
3.708848278407422816e-14
1.860112948002742850e-13
1.161684951792724130e-13
5.486285931848369768e-14
2.601814705523175508e-13
1.636477140864317503e-13
4.969146906561201782e-14
3.149956153119387592e-13
2.379956312321268586e-13
3.731800160772583141e-14
2.477597662621511265e-13
2.108712510162646936e-13
3.717866129977070999e-14
1.932748123871508295e-13
1.677144209101533168e-13
3.571741426927621532e-14
1.949260387433190966e-13
1.480960265445169233e-13
3.922768482115569777e-14
2.133369164918769156e-13
1.592160106013429388e-13
3.855638071727056360e-14
2.358389633756730053e-13
1.997434742563239385e-13
3.298763714444652440e-14
1.661556905518252192e-13
1.386559730963757286e-13
3.509843986087245182e-14
1.914076807208592301e-13
1.444688688340481364e-13
3.754836068806111093e-14
2.091867803109825896e-13
1.699515636728599066e-13
3.279795936250197441e-14
1.678521416911132880e-13
1.378675548290714259e-13
3.449545743451284951e-14
1.747167812987324154e-13
1.377705187346339732e-13
3.526222215155354334e-14
1.948711103507555498e-13
1.625655718980739683e-13
3.459023703317881671e-14
1.480004270179580139e-13
1.141502257301363343e-13
3.768238501723926437e-14
1.746871419218420929e-13
1.278745989305440922e-13
3.996941802053913251e-14
1.736442885097097544e-13
1.301987353650654877e-13
3.843366258387236056e-14
1.946256469789048316e-13
1.809988790790750812e-13
4.103404356754769555e-14
9.494686395612739194e-14
8.636511238157076886e-14
4.032964080421565234e-14
1.220689131373187131e-13
6.415156491960949392e-14
4.967736766110612823e-14
1.102417853185433394e-13
4.194099223735897608e-14
5.604677759765176737e-14
5.387807170895153597e-14
3.794830931696385745e-14
7.354456399346481765e-14
3.340703364981822965e-14
6.120178284519176004e-14
3.855025836312780951e-14
4.483811596751180462e-14
3.986393531355165998e-14
3.755931790626679256e-14
4.020181336807961137e-14
3.523228461906578735e-14
3.802313281939251333e-14
3.423605190035032553e-14
3.588614323236927195e-14
3.549248297606694136e-14
3.479331148821714070e-14
3.393307499138104033e-14
3.253843863185862384e-14
3.290006071396400777e-14
3.221415376206820946e-14
3.156969043821566956e-14
3.209296028797506417e-14
3.084619216412072540e-14
3.055810270623238178e-14
3.112876574345654901e-14
3.107306485684510622e-14
3.222313231130910505e-14
3.030211240891318714e-14
3.032828572698334502e-14
3.134501325489057189e-14
3.122163104766172148e-14
2.906785665575568889e-14
2.897115598636534894e-14
3.007254953954832666e-14
2.966474044489506023e-14
2.997618768333688843e-14
2.889876516256120742e-14
2.929652167019645981e-14
3.086306167229824204e-14
2.984572428066899208e-14
3.034386435694924611e-14
2.893875189393518843e-14
3.059783193959039749e-14
2.939085742359806575e-14
3.069389902833619121e-14
2.990571115399354163e-14
3.037511648457114077e-14
2.979301511442725148e-14
3.145278633896742004e-14
2.993916895541008649e-14
3.123932048373218029e-14
2.984709647404354405e-14
2.822755592636616573e-14
2.877554897379001886e-14
2.758847126172869063e-14
2.904337740358003961e-14
2.960559044012239793e-14
2.934335242778425556e-14
2.844449800481693713e-14
3.063930944895154607e-14
2.832065839979656940e-14
3.335126161243921750e-14
2.916029505535544519e-14
3.000134456187034115e-14
3.023580328167033149e-14
2.936434868048079516e-14
2.925507465402141238e-14
3.241482603166812027e-14
3.068105800885581602e-14
3.320346113940692012e-14
3.073056877868872439e-14
3.133250088419373136e-14
3.173098584016362245e-14
3.183172516264647089e-14
3.277787112912489143e-14
3.107476569900319285e-14
3.273999181572367911e-14
3.195328794310461906e-14
3.205922465975181990e-14
3.052893089152894368e-14
3.190546107477085225e-14
3.214093623410754774e-14
3.105455210474991623e-14
3.131263965564651253e-14
3.170516149966773334e-14
3.034414896001952355e-14
3.137992117671281611e-14
3.178122505833116951e-14
3.082178067458085646e-14
3.311005712224729391e-14
3.259603348414012725e-14
3.238153424870923724e-14
3.100196152312079123e-14
3.100509215689384312e-14
3.159887580544626373e-14
3.144949646300028434e-14
3.027264582674410454e-14
3.067224547807258228e-14
3.066763423070772987e-14
3.139744459432561308e-14
2.968544870638953337e-14
3.120921015652318442e-14
3.198436727600527385e-14
3.369796575027755869e-14
3.264294555689085942e-14
3.287851897204943641e-14
3.173060636940325252e-14
3.327937900840342855e-14
3.351943153378708629e-14
3.387136694710767004e-14
3.290217152006856549e-14
3.437045570028884889e-14
3.361101612417601026e-14
3.485856690647361200e-14
3.263958791828794337e-14
3.280086976770874019e-14
3.388542430590030241e-14
3.353031421309340954e-14
3.336636251582286716e-14
3.413166694806249457e-14
3.522449530408283680e-14
3.384822939512047157e-14
3.431602197496649853e-14
3.441455901178648580e-14
3.595190348226230681e-14
3.402566585691130241e-14
3.387942731263374196e-14
3.400433756729943913e-14
3.451209654972871299e-14
3.353577926966909428e-14
3.353771389292062310e-14
3.180280406969542006e-14
3.397928233271965692e-14
3.336514278837882097e-14
3.484235469586316469e-14
3.229324631055102701e-14
3.555549545107908327e-14
3.308635036411954056e-14
3.500101413127926220e-14
3.728232119185569127e-14
3.569197617580427417e-14
3.588724098706891352e-14
3.554862093167916737e-14
3.831376337612261984e-14
3.541189964959695624e-14
3.894641228442685676e-14
3.744112970507050553e-14
3.597362479516169609e-14
3.767300666844726476e-14
3.633174354899723624e-14
3.613511670875341197e-14
3.843907343033942103e-14
3.687921482412558072e-14
3.628519061821613989e-14
3.711034301037696714e-14
3.921182158811951923e-14
3.647340133909604543e-14
3.863823459316143016e-14
3.637936374129187300e-14
3.835207298226103734e-14
3.600573750825800112e-14
3.654853316151750187e-14
3.621117349115327011e-14
3.832425642027320611e-14
3.926358546559212404e-14
3.608059828013633619e-14
3.955449384912892996e-14
3.732855563824862000e-14
3.676469935778858833e-14
3.909313194341845765e-14
3.600640835835222653e-14
3.659195207039375730e-14
3.868001703438359029e-14
3.622448884908410771e-14
3.751775569361091855e-14
3.646616428959470468e-14
3.896520963959232420e-14
3.494226392605770393e-14
3.784090553925201217e-14
3.560327488556780384e-14
3.707800668058258697e-14
3.597503764611771626e-14
3.732120000413466365e-14
3.657795569797332724e-14
3.517675313904379542e-14
3.629407429976694299e-14
3.526810733647106622e-14
3.579773670959844611e-14
3.618558970801440122e-14
3.360028591080019278e-14
3.582044735698022841e-14
3.611210112951061812e-14
3.659560447646231784e-14
3.606647993497150151e-14
3.876083414194701759e-14
3.639023964433461822e-14
3.777587712582540502e-14
3.868222609631002951e-14
3.661264677936107437e-14
4.096938446048609128e-14
3.889839568071290499e-14
3.771897006429707211e-14
3.793731144117670762e-14
3.571697720027543210e-14
3.778209095952646257e-14
3.449446810003045649e-14
3.772807397441416133e-14
3.724698636542803087e-14
3.689966897573587756e-14
3.739296063542604798e-14
3.739222879895962026e-14
3.732105770259952493e-14
3.870710175990499380e-14
3.629275292836922628e-14
3.872061362947959440e-14
3.579421644066965724e-14
3.589246548628757805e-14
3.657479118288238518e-14
3.741138529609472352e-14
3.989831807494660654e-14
4.038747282572238695e-14
3.817242745854376729e-14
4.124805152386917806e-14
3.993988028760248055e-14
3.927054130015497635e-14
4.284606388215914108e-14
4.047109191827533148e-14
3.981817859374098267e-14
3.885406536438540392e-14
3.940353224913747954e-14
4.256568920035438963e-14
3.877065294787158944e-14
3.909509705985608763e-14
4.007645588001776393e-14
3.830342279790253934e-14
3.792888854554921085e-14
4.132939379185990303e-14
4.003695026335782337e-14
4.004964898130305984e-14
3.953575748033566484e-14
3.870052200797072239e-14
3.946346830048519383e-14
4.017806595237038980e-14
4.261720235607460716e-14
4.195055354526758262e-14
4.242659622601986646e-14
3.955459210495081146e-14
3.978303011456171823e-14
4.033260203139925337e-14
4.035664082644233042e-14
3.950221836375618356e-14
4.137447966157635493e-14
3.886991504489442639e-14
4.284786975640268725e-14
3.997889801328480264e-14
4.111083557454577042e-14
4.377292121436268668e-14
4.167333999042198422e-14
4.093002114536128944e-14
4.093894887262534976e-14
4.202242259677621550e-14
4.210287039797463993e-14
3.931815132805424606e-14
4.231425594029142312e-14
4.008187689088019146e-14
4.508328796002866734e-14
3.816171079769510588e-14
4.359095820850172887e-14
4.203367119431575261e-14
4.496501166740586586e-14
4.182078470961643479e-14
4.231915517885834199e-14
4.356346351903385428e-14
4.396679011533025094e-14
4.029342845165463649e-14
4.264196959945232290e-14
4.273804007632990565e-14
4.013988170710816594e-14
4.556604930611857229e-14
4.468507066647010861e-14
4.297063871177772554e-14
4.487560564575727995e-14
4.029637273817929244e-14
4.437710642750739010e-14
4.346255817809334399e-14
4.245211902278653304e-14
4.291859700749842133e-14
4.339080432306553770e-14
4.355234028237051080e-14
4.365655243993710188e-14
4.247292215197109866e-14
4.315244925170817758e-14
4.107598186283215047e-14
4.171088726690787285e-14
4.443324777125140512e-14
4.286028048314585726e-14
4.353324815973939887e-14
4.377934850036645231e-14
4.503236095110794979e-14
4.409878495356678307e-14
4.255157085518955495e-14
4.157369164637519932e-14
4.163005660681728948e-14
4.669450047976864138e-14
4.443277343280094271e-14
4.566215027618225619e-14
4.397254316310800215e-14
4.463678640034482448e-14
5.038465033645883606e-14
4.356950455801367195e-14
4.511827380888205896e-14
4.375713590835765554e-14
4.252442853142773815e-14
4.614790673077365235e-14
4.359614882640250322e-14
4.753880936906457189e-14
4.573307403892175327e-14
4.418422008475864082e-14
4.830429676042080622e-14
4.581812631122145207e-14
4.447680898166279928e-14
4.721312181271350439e-14
4.830663118322343907e-14
4.274467403837280133e-14
4.797923939658249592e-14
4.810053451462931173e-14
4.643289943620683424e-14
4.226355593620056972e-14
4.938313213215250741e-14
4.797624089994921570e-14
4.337066865584340847e-14
4.866864290048455999e-14
4.670831050494067549e-14
4.737746992140336177e-14
4.465905997872582356e-14
5.011546326582141941e-14
4.632656292000852938e-14
4.659652248469384195e-14
5.102516648677717093e-14
4.530634900449040381e-14
5.175328956076412357e-14
4.389123477643516735e-14
4.930106480395893276e-14
4.741910328482680514e-14
5.049390403412748474e-14
4.702436221448377807e-14
5.015378981261878200e-14
4.858295704754031497e-14
4.982602194334925794e-14
4.436676246115552058e-14
4.767697060715711532e-14
4.656470115093139239e-14
4.625428729268521444e-14
4.637498948766895224e-14
4.442272762204650671e-14
4.571907427836953419e-14
4.589293626112295188e-14
4.469357826539233081e-14
4.862720604870487962e-14
4.583248860187509599e-14
4.589604317797348065e-14
4.508212244269324542e-14
5.148596596261066638e-14
4.394200254316180110e-14
4.819267137049984551e-14
4.898314962193187072e-14
4.523846439596565516e-14
4.886012316854086712e-14
4.931530850999996107e-14
5.029111757029122720e-14
4.895292071011025925e-14
4.844091978668113585e-14
4.655039645851816177e-14
5.020471004527592152e-14
4.907731258061223678e-14
4.609532970167168342e-14
4.909980638755952198e-14
4.829845562121654057e-14
4.595102239251386278e-14
4.709343266913468273e-14
4.930206091470490382e-14
4.894939027678610333e-14
5.056304902767774778e-14
4.939249354028556194e-14
4.978765812710221617e-14
4.654984758116834098e-14
5.761421206654585014e-14
5.054331654813851160e-14
5.319646090816421147e-14
5.404544880746077473e-14
5.193747856921046568e-14
5.228369142793939939e-14
5.620315682037385629e-14
5.494763037584490806e-14
5.113113369661047292e-14
5.433663840593606909e-14
5.930611633297305785e-14
5.361934380114681542e-14
5.463034538633060322e-14
5.544095591685296864e-14
5.196108707151633754e-14
5.325792161881698350e-14
5.866989294563140778e-14
5.186287190721630691e-14
5.341449396505104641e-14
5.408905745171721513e-14
4.960937463236413103e-14
5.259388844575108024e-14
5.867951523991221663e-14
5.061608006643944502e-14
5.212928409791851847e-14
5.840412111183732047e-14
5.737348530293617799e-14
5.454670596498692459e-14
5.916618649008664743e-14
5.101724164652265969e-14
5.172250838346090229e-14
4.699826343531297856e-14
5.009131943869288284e-14
5.241740404899296324e-14
5.130667958086303215e-14
5.236572148668329485e-14
5.294461090789119584e-14
5.287051585379717866e-14
5.119511517731427375e-14
5.391415870063635818e-14
5.742044480953195640e-14
5.302752526903202479e-14
5.862740577299713207e-14
5.536368279514085333e-14
4.688306695448639372e-14
5.715316864522354545e-14
5.373948356625357636e-14
5.611308672489462301e-14
5.310575723204043197e-14
5.867794314676211265e-14
5.701775857014368398e-14
5.249854302907634718e-14
5.049262670844302525e-14
5.418540575540149729e-14
5.723285072863765199e-14
5.922882627060199745e-14
5.568588396388102213e-14
6.031076517105243839e-14
5.733447435351743393e-14
5.404429006638893085e-14
6.109532096811726154e-14
6.333272122883981670e-14
7.215271267827297330e-14
7.064885650239979831e-14
7.015946797053057571e-14
6.918027077845029238e-14
6.156723351621873341e-14
6.743210997179824306e-14
6.303981723567927964e-14
6.220183737656523326e-14
6.476695807271226624e-14
5.947821309906439757e-14
6.290808667172229085e-14
6.299041149793183081e-14
6.734910074296732163e-14
6.487549348644164326e-14
6.554132236935572564e-14
6.426287182514228702e-14
5.955930464530273527e-14
6.322173958395876925e-14
5.991608847521340264e-14
5.964391984860165086e-14
6.673708216912641045e-14
6.522037142124570419e-14
6.609944254269695119e-14
6.500168784305537795e-14
6.401938712225635486e-14
6.082555791507571197e-14
6.339997564485180814e-14
5.838615046082837323e-14
5.932126128206996474e-14
5.899524846506715159e-14
6.356616350910310187e-14
6.135259536738449371e-14
6.809884687403178205e-14
7.136552091467629477e-14
7.409275694066422280e-14
7.215987518887495566e-14
7.866486460708990713e-14
7.837599249075830055e-14
7.588259854458476172e-14
8.555204884363315498e-14
8.668109632847809110e-14
9.333454690542419829e-14
1.070455708665832284e-13
1.308231409487270458e-13
1.944175343718962390e-13
4.184267949486342175e-13
1.383632466413209361e-12
6.598774478228097706e-12
3.929227082588582221e-11
2.577216218213607135e-10
1.761966017532756723e-09
1.224919277120761762e-08
8.573969267899883562e-08
6.025343282090034336e-07
4.249670837452868000e-06
3.003311940119601786e-05
2.125191822415217757e-04
1.463142922148108482e-03
8.656566962599754333e-03
2.146463468670845032e-02
6.123141385614871979e-03
1.008620671927928925e-02
2.449332969263195992e-03
8.347254246473312378e-03
3.055404638871550560e-03
3.130994969978928566e-03
4.911193158477544785e-03
2.432150766253471375e-03
1.876762369647622108e-03
2.723962068557739258e-03
2.121547702699899673e-03
1.309097744524478912e-03
1.353247207589447498e-03
1.504918909631669521e-03
1.151187461800873280e-03
8.110272465273737907e-04
8.437162032350897789e-04
8.421099046245217323e-04
6.397542310878634453e-04
5.156060797162353992e-04
5.268492968752980232e-04
4.945333348587155342e-04
4.024055670015513897e-04
3.464195178821682930e-04
3.270949819125235081e-04
2.995167160406708717e-04
2.653582487255334854e-04
2.313738659722730517e-04
2.042948617599904537e-04
1.921148214023560286e-04
1.794864656403660774e-04
1.531218003947287798e-04
1.275786780752241611e-04
1.165295834653079510e-04
1.108843571273609996e-04
1.009324623737484217e-04
8.879930101102218032e-05
7.738258136669173837e-05
6.866073817946016788e-05
6.418795965146273375e-05
5.948423131485469639e-05
5.131334910402074456e-05
4.493355299928225577e-05
4.251200880389660597e-05
3.863580059260129929e-05
3.251626912970095873e-05
2.913032949436455965e-05
2.823518479999620467e-05
2.525388845242559910e-05
2.085985033772885799e-05
1.896011599455960095e-05
1.866437014541588724e-05
1.675891689956188202e-05
1.386204166919924319e-05
1.226541007781634107e-05
1.171655912912683561e-05
1.080342372006271034e-05
9.447525371797382832e-06
8.305005394504405558e-06
7.589146662212442607e-06
7.029345397313591093e-06
6.282330105022992939e-06
5.453824087453540415e-06
4.966400410921778530e-06
4.725086910184472799e-06
4.228633770253509283e-06
3.544860646798042580e-06
3.166564056300558150e-06
3.057651611015899107e-06
2.794453848764533177e-06
2.359582595090614632e-06
2.040448180196108297e-06
1.889727172965649515e-06
1.775839791662292555e-06
1.633221245356253348e-06
1.439967718397383578e-06
1.221830302711168770e-06
1.085194298866554163e-06
1.051588014888693579e-06
9.979889910027850419e-07
8.680767109581211116e-07
7.405716360153746791e-07
6.621417014684993774e-07
6.046453222552372608e-07
5.550373884943837766e-07
5.100456519357976504e-07
4.487553155740897637e-07
3.829113097708614077e-07
3.493185545266896952e-07
3.367511567375913728e-07
3.064314171297155553e-07
2.630289088756398996e-07
2.333605095827806508e-07
2.148636895071831532e-07
1.940600782290857751e-07
1.740364723445964046e-07
1.580389579203256289e-07
1.418214026216446655e-07
1.267198683763126610e-07
1.152896373923795181e-07
1.033829661878371553e-07
9.063880668236379279e-08
8.234470527668236173e-08
7.669704871204885421e-08
6.765569082745059859e-08
5.777319955768689397e-08
5.293806282224977622e-08
5.081032838916144101e-08
4.587778335007897113e-08
3.904731471493505524e-08
3.458222153085444006e-08
3.281453331283046282e-08
3.066969256337870320e-08
2.670549648087217065e-08
2.283135458469587320e-08
2.100757257039731485e-08
1.995986487202117132e-08
1.748649225419285358e-08
1.459202003672999126e-08
1.354286727206499563e-08
1.344911204625987011e-08
1.195451915236844798e-08
9.632419306626616162e-09
8.577661247954893042e-09
8.570379073091771716e-09
7.951677538642343279e-09
6.594664814230100092e-09
5.583742357373466803e-09
5.270424985326371825e-09
5.131951308356974550e-09
4.667434438943018904e-09
3.914786717018614581e-09
3.334027942614170570e-09
3.180177454709109952e-09
3.094556610960808030e-09
2.712975621932400827e-09
2.246304253716857602e-09
2.008249788687521686e-09
1.900434476453938260e-09
1.738456822941714108e-09
1.554380069102023754e-09
1.401474158946314219e-09
1.246678427158087743e-09
1.108895419932309778e-09
1.011658312677354843e-09
9.193456551592760206e-10
8.284241070910525195e-10
7.618903841155599821e-10
6.837967414519141585e-10
5.791438439928242587e-10
5.100863065266025842e-10
4.875886361332959495e-10
4.496965577693856631e-10
3.876524656831747961e-10
3.470130849336783285e-10
3.220166355788478540e-10
2.855557457159818568e-10
2.504454421625723626e-10
2.331088100326894619e-10
2.185083641803586829e-10
1.938882387975127131e-10
1.674570065945957253e-10
1.472103688948678268e-10
1.353610834531338014e-10
1.286908218878224375e-10
1.170062519095793618e-10
9.860419425411492966e-11
8.632469739033865608e-11
8.250602978598919890e-11
7.661860729202274456e-11
6.588385392802820206e-11
5.773471284387099445e-11
5.326074997702434644e-11
4.783751172965367005e-11
4.230352873557663429e-11
3.858949965129809812e-11
3.549708443850718709e-11
3.179046609291802383e-11
2.815431394964651446e-11
2.533599718912427079e-11
2.331336859673349693e-11
2.131083157164148645e-11
1.866641910486244171e-11
1.634991100840643696e-11
1.536402428892191807e-11
1.431049289485342157e-11
1.224827444329390502e-11
1.054436399305913596e-11
9.895818539606970887e-12
9.140678665364720956e-12
7.997242625068512467e-12
7.185869954628998357e-12
6.628513710138506099e-12
5.921183682255914960e-12
5.275642769864141712e-12
4.780907007090329230e-12
4.253712833357514711e-12
3.806797758965085876e-12
3.519639657847961622e-12
3.187678853516784372e-12
2.775859403447711315e-12
2.534542454385446675e-12
2.411766316171015667e-12
2.119872419964474730e-12
1.806510887061851811e-12
1.682132514876921725e-12
1.600658624742457015e-12
1.408403125027768432e-12
1.201079383519876309e-12
1.090974316095283392e-12
1.024587858132475215e-12
9.466633206500763009e-13
8.440216841404390991e-13
7.269520814305596712e-13
6.441525372997969345e-13
6.054440802871763339e-13
5.658645752491808789e-13
5.089482437922732139e-13
4.396300489449556093e-13
3.967116348965737949e-13
3.707949203755889211e-13
3.383582747751995301e-13
2.942062012848550845e-13
2.696490491831127212e-13
2.517458355492940836e-13
2.298604557561534367e-13
2.059160269596641002e-13
1.829241781919205279e-13
1.606143061431974939e-13
1.497395415127333873e-13
1.452209392235198626e-13
1.300552683125913433e-13
1.137096601773468496e-13
1.015823167770102398e-13
1.007178959374147031e-13
9.351533761768615616e-14
7.983857444517766799e-14
6.998763547871877932e-14
6.903919574701919415e-14
6.528406152261564954e-14
5.782222302960077220e-14
5.308450348132792707e-14
4.977943851938206044e-14
4.662946529007845620e-14
4.240093790398163920e-14
4.021404452383796346e-14
3.814860889206697636e-14
3.446482872314013401e-14
3.099713682345323074e-14
2.930345717596857802e-14
2.922190145567514497e-14
2.751678347527077018e-14
2.498352815859944398e-14
2.292123671312866484e-14
2.255115616001199946e-14
2.178216205225413232e-14
1.959538217452538866e-14
1.903062465100947842e-14
1.904889515168175368e-14
1.785075518932928429e-14
1.658423086901318622e-14
1.599703374865861505e-14
1.555103363247954673e-14
1.481278343257522168e-14
1.407720138645474767e-14
1.339933616536018168e-14
1.328949970902382205e-14
1.277281892856111864e-14
1.261498026807091055e-14
1.204998896346155812e-14
1.195772166451714719e-14
1.166123556902267169e-14
1.163807175901410834e-14
1.181597663002477080e-14
1.112066761241444976e-14
1.091119890565730305e-14
1.077399650886105148e-14
1.023779077193118919e-14
1.026583433874888457e-14
1.023604673109279259e-14
1.069604152562639646e-14
1.012113739443532695e-14
9.857162117522366013e-15
9.471950167835949813e-15
9.446474804914329476e-15
1.002026678184565409e-14
9.510286031995732192e-15
9.436508615256935378e-15
9.322150697048132290e-15
9.279445836946412229e-15
9.272965187866969577e-15
9.465809178968356136e-15
9.069861086675491679e-15
9.008620604589005765e-15
9.026441330766288990e-15
9.152732249136010662e-15
8.995932051039136346e-15
9.216003916230012388e-15
8.707991670949509488e-15
8.837062551452119774e-15
8.522536348247022192e-15
8.756792627172618748e-15
8.827735024636955419e-15
8.869572523000687075e-15
8.773647735790032071e-15
8.589678955909976071e-15
8.469314727072192739e-15
8.541413324509531529e-15
8.282088258476996701e-15
8.315961106037696171e-15
8.773108175802631081e-15
8.482316682812546249e-15
8.640195153851275289e-15
8.516057393233474049e-15
8.654921668672238555e-15
8.441634537388869458e-15
8.462167463063260953e-15
8.387860650732430201e-15
8.300596775407450417e-15
8.550313099686332463e-15
8.337762040034127353e-15
8.438604700536540826e-15
8.504706304707319170e-15
8.488257771904587912e-15
8.593128921104142837e-15
8.314289062999816182e-15
8.628780537854076338e-15
8.551476075922912617e-15
8.473209384563668012e-15
8.338198262001963318e-15
8.695834207057568516e-15
8.329106210346135658e-15
8.676678556955412513e-15
8.614137879294891248e-15
8.573732713644966613e-15
8.472656272049110954e-15
8.478546539164317358e-15
8.959926374517250547e-15
8.686421129914731476e-15
8.388956711366177266e-15
8.575158270095195601e-15
8.695237048829754234e-15
8.812801833776862104e-15
8.328976614305205750e-15
8.582205584216351379e-15
8.623923650934520180e-15
8.702304691741644116e-15
8.445054009396935069e-15
8.635151919683323185e-15
8.526940072539797300e-15
8.342556246515586693e-15
8.436583679924392065e-15
8.357971399122667705e-15
7.910643982315251899e-15
8.312083389205165984e-15
8.128566924918943781e-15
8.295817815519041655e-15
8.253156154097631564e-15
8.451355087491559809e-15
8.175471374373150663e-15
8.264602957346826179e-15
8.325402982300739857e-15
8.123908243709045129e-15
8.435291954679829257e-15
8.561268623826119584e-15
8.457663788882709838e-15
8.703274544466250290e-15
8.692403723621188599e-15
8.137663211739507713e-15
8.166948528857877893e-15
8.411380214578840359e-15
8.572357979171572884e-15
8.168271594321489110e-15
8.486011440528469507e-15
8.432152850577304820e-15
8.312805908309173902e-15
8.032535411556934735e-15
8.423759601102961958e-15
8.275950657741192040e-15
8.445237815546489252e-15
8.356787247062406193e-15
8.693951252815822206e-15
8.636312354821061577e-15
8.809430642646789988e-15
8.466123106926938535e-15
8.555468142203322135e-15
8.883541790366804997e-15
8.602224360891759514e-15
8.635840557469440931e-15
9.016797013628851526e-15
9.257814309539431907e-15
8.731830566217034517e-15
9.121925660844371758e-15
9.113677254004009382e-15
9.020777221447999483e-15
9.170263290045332916e-15
9.090893761788763211e-15
8.948843795435375281e-15
8.951783846795294958e-15
8.797160523372864194e-15
8.799125639810494171e-15
9.108700088405943113e-15
8.931283955405846381e-15
9.138440262216988852e-15
9.085071257309337150e-15
8.933385444147984300e-15
9.065393834911672499e-15
8.900130930638780469e-15
8.997693879569425290e-15
8.770260451033962124e-15
8.637161928867157640e-15
8.675952649719615578e-15
8.444507673145956045e-15
8.219206226538731952e-15
8.689567857313781202e-15
8.832315778815706675e-15
8.765796587401931961e-15
8.889488808689477439e-15
8.808562433875854331e-15
8.872126327336658791e-15
8.677284185512699338e-15
8.602711404836430736e-15
8.443999453377603465e-15
8.887529621482478243e-15
9.078167091756267348e-15
8.706034177808404800e-15
9.125923656355412056e-15
9.363065776532304013e-15
9.035903535820066779e-15
