1.721695959568023682e-01
1.705224812030792236e-01
1.453022658824920654e-01
1.390383392572402954e-01
1.236606910824775696e-01
1.098351329565048218e-01
1.040151566267013550e-01
9.775141626596450806e-02
9.263859689235687256e-02
9.111683070659637451e-02
8.829259127378463745e-02
8.379539102315902710e-02
8.055850863456726074e-02
7.781977206468582153e-02
7.499416917562484741e-02
7.319513708353042603e-02
7.140077650547027588e-02
6.865033507347106934e-02
6.610284745693206787e-02
6.411152333021163940e-02
6.200991943478584290e-02
6.012344360351562500e-02
5.856494605541229248e-02
5.665231868624687195e-02
5.469111725687980652e-02
5.312771350145339966e-02
5.151039361953735352e-02
4.990601167082786560e-02
4.851368069648742676e-02
4.694241285324096680e-02
4.539003968238830566e-02
4.406436160206794739e-02
4.265104979276657104e-02
4.130668565630912781e-02
4.006088897585868835e-02
3.870533406734466553e-02
3.747954219579696655e-02
3.628735989332199097e-02
3.507206961512565613e-02
3.396409749984741211e-02
3.279247134923934937e-02
3.168836981058120728e-02
3.062911704182624817e-02
2.954918704926967621e-02
2.854386717081069946e-02
2.750205248594284058e-02
2.651913836598396301e-02
2.553839422762393951e-02
2.456830628216266632e-02
2.363744750618934631e-02
2.270340360701084137e-02
2.182263322174549103e-02
2.093926444649696350e-02
2.011284232139587402e-02
1.927672326564788818e-02
1.847778633236885071e-02
1.768409647047519684e-02
1.693743653595447540e-02
1.618856191635131836e-02
1.546375360339879990e-02
1.474840566515922546e-02
1.407358981668949127e-02
1.340595819056034088e-02
1.276665925979614258e-02
1.213676575571298599e-02
1.153673604130744934e-02
1.094561256468296051e-02
1.038101874291896820e-02
9.832889772951602936e-03
9.303651750087738037e-03
8.794033899903297424e-03
8.300351910293102264e-03
7.828604429960250854e-03
7.368797436356544495e-03
6.928874645382165909e-03
6.503083743155002594e-03
6.094858981668949127e-03
5.707395263016223907e-03
5.333690904080867767e-03
4.980053286999464035e-03
4.643728956580162048e-03
4.322901368141174316e-03
4.020201973617076874e-03
3.731886390596628189e-03
3.458553459495306015e-03
3.201623912900686264e-03
2.958641853183507919e-03
2.730035688728094101e-03
2.516014967113733292e-03
2.314412733539938927e-03
2.126509323716163635e-03
1.951033016666769981e-03
1.786959590390324593e-03
1.634976360946893692e-03
1.494494732469320297e-03
1.364510040730237961e-03
1.244399813003838062e-03
1.134273246861994267e-03
1.033124746754765511e-03
9.400423150509595871e-04
8.546960307285189629e-04
7.768301293253898621e-04
7.058681221678853035e-04
6.409628549590706825e-04
5.819447105750441551e-04
5.285060615278780460e-04
4.800725728273391724e-04
4.360406310297548771e-04
3.961967013310641050e-04
3.601274802349507809e-04
3.277111682109534740e-04
2.983792219310998917e-04
2.717159222811460495e-04
2.473531058058142662e-04
2.251210535177960992e-04
2.048471505986526608e-04
1.864354126155376434e-04
1.696983672445639968e-04
1.544986007502302527e-04
1.406965020578354597e-04
1.281880540773272514e-04
1.168809103546664119e-04
1.066514232661575079e-04
9.737148502608761191e-05
8.898055239114910364e-05
8.135160896927118301e-05
7.439152977894991636e-05
6.803599535487592220e-05
6.221979128895327449e-05
5.689233512384817004e-05
5.201520616537891328e-05
4.755349073093384504e-05
4.347564754425548017e-05
3.973949424107559025e-05
3.631516665336675942e-05
3.318965900689363480e-05
3.032388121937401593e-05
2.770801984297577292e-05
2.532482903916388750e-05
2.316305108251981437e-05
2.120916360581759363e-05
1.946459269674960524e-05
1.797942059056367725e-05
1.685901770542841405e-05
1.638153662497643381e-05
1.722021988825872540e-05
2.107538239215500653e-05
3.207277040928602219e-05
6.089446469559334219e-05
1.307515776716172695e-04
2.921198902186006308e-04
5.736289895139634609e-04
8.910412434488534927e-04
7.653696229681372643e-04
2.400493540335446596e-04
2.343818050576373935e-05
3.471257805358618498e-04
4.370746028143912554e-04
8.160682045854628086e-05
7.986865239217877388e-05
3.084437630604952574e-04
1.368257071590051055e-04
1.729321957100182772e-05
1.924143580254167318e-04
1.241706631844863296e-04
6.802609277656301856e-06
1.260238932445645332e-04
9.373613283969461918e-05
4.816302407562034205e-06
8.898319356376305223e-05
6.511245737783610821e-05
4.182791599305346608e-06
6.641230720560997725e-05
4.307779818191193044e-05
4.404962965054437518e-06
5.068295649834908545e-05
2.748694896581582725e-05
4.901533884549280629e-06
3.867677878588438034e-05
1.709264870441984385e-05
5.267067535896785557e-06
2.922617386502679437e-05
1.052137486112769693e-05
5.263511866360204294e-06
2.182168827857822180e-05
6.616315658902749419e-06
4.793881544173927978e-06
1.622104537091217935e-05
4.347165486251469702e-06
4.065504526806762442e-06
1.202675139211351052e-05
3.074651431234087795e-06
3.191113592038163915e-06
8.940066436480265111e-06
2.368875811953330413e-06
2.320596422578091733e-06
6.664772172371158376e-06
1.984197297133505344e-06
1.560907890052476432e-06
4.953726602252572775e-06
1.785136419130139984e-06
9.565492291585542262e-07
3.633922915469156578e-06
1.680198010944877751e-06
5.363572768146696035e-07
2.577259010649868287e-06
1.605799525350448675e-06
3.052329589081637096e-07
1.716039832899696194e-06
1.507432443759171292e-06
2.438812316540861502e-07
1.030968064696935471e-06
1.338461629529774655e-06
3.112761248758033616e-07
5.301046712702373043e-07
1.081896016330574639e-06
4.374927584649412893e-07
2.313902598416461842e-07
7.587410664200433530e-07
5.377663683248101734e-07
1.294800711093557766e-07
4.334897312219254673e-07
5.401295766205294058e-07
1.715800976853643078e-07
1.901522352909523761e-07
4.254176246831775643e-07
2.585039169389347080e-07
8.694858877333899727e-08
2.467409387918451102e-07
2.882668184156500502e-07
1.083055281014821958e-07
1.019660160750390787e-07
2.218603896153581445e-07
1.645818912265895051e-07
5.887128651238526800e-08
1.109872158622238203e-07
1.646133114263648167e-07
9.197532335747382604e-08
4.655294105759821832e-08
9.916611531934904633e-08
1.135393645768090209e-07
5.616107756623023306e-08
4.030907874152944714e-08
7.843829052944784053e-08
7.838519167080448824e-08
3.875248921758611687e-08
3.288391781097743660e-08
5.820129089784131793e-08
5.607054376355335990e-08
2.948227972865424817e-08
2.496997808520973194e-08
4.134943054623363423e-08
4.158394517617125530e-08
2.409361599120529718e-08
1.822787254468494211e-08
2.819888678118331882e-08
3.127370717947997036e-08
2.078183136688949162e-08
1.361521917431218753e-08
1.822477457835702808e-08
2.285652200839649595e-08
1.824910000891577511e-08
1.136787375344283646e-08
1.137356786529153396e-08
1.541971883511905617e-08
1.531850557512370870e-08
1.071328270541016536e-08
7.847598126886623504e-09
9.352326024725243769e-09
1.131335736204164277e-08
1.003289451517730413e-08
7.024781645270650188e-09
5.819458248623732288e-09
6.949755437801741209e-09
7.883434349764684157e-09
6.897730830957016224e-09
5.040340589346214983e-09
4.237304729315383156e-09
4.803122344299026736e-09
5.405766057009486758e-09
4.972414480164388806e-09
3.845240126310045525e-09
3.085756983267629039e-09
3.160971040472304594e-09
3.571384521450227112e-09
3.586402286259726679e-09
3.050015129346661524e-09
2.401627785530990877e-09
2.110626784457281246e-09
2.219513461909627949e-09
2.397565701528492355e-09
2.335409643450248041e-09
2.009454380669239981e-09
1.636944246818927695e-09
1.435592533738372367e-09
1.444278918683039592e-09
1.529784521281385423e-09
1.534881555187439517e-09
1.403273275357719285e-09
1.192492105062115115e-09
1.008513494937801624e-09
9.189988214863831217e-10
9.182800631002407954e-10
9.456780913907891772e-10
9.405700662767912945e-10
8.791566363797187478e-10
7.760636577813784243e-10
6.683396058804191853e-10
5.896400034899329512e-10
5.521169077482568355e-10
5.455959017908185160e-10
5.482550524682494597e-10
5.415132231512131966e-10
5.163588445711297936e-10
4.740520753721000347e-10
4.234526618240863627e-10
3.742706977671872437e-10
3.345141108557214693e-10
3.069924037202298450e-10
2.906155316395597765e-10
2.817211464112290287e-10
2.765004336602316926e-10
2.713942404142244413e-10
2.646237673431528492e-10
2.554889078076882925e-10
2.436354451518241149e-10
2.301801249604551458e-10
2.160683992835643608e-10
2.021679768038353586e-10
1.889981643410365564e-10
1.768088453424354611e-10
1.659025139488790046e-10
1.567301843863333488e-10
1.493547091557800854e-10
1.445178698933347050e-10
1.425299600565921310e-10
1.444454555965535292e-10
1.520314985015147613e-10
1.681308148260285407e-10
1.978011920922284617e-10
2.499340179262787842e-10
3.422913064099475378e-10
5.095867616766724950e-10
8.156463837671878991e-10
1.379770742104824421e-09
2.438299340212779498e-09
4.462214597822367068e-09
8.391428885090590484e-09
1.614272804317806731e-08
3.168366902173147537e-08
6.336824043273736606e-08
1.289585611630172934e-07
2.670739434051938588e-07
5.622124490400892682e-07
1.203879492095438763e-06
2.616190613480284810e-06
5.780444098490988836e-06
1.292279375775251538e-05
2.933829455287195742e-05
6.680872320430353284e-05
1.531846937723457813e-04
3.403091104701161385e-04
7.224492728710174561e-04
1.282078912481665611e-03
1.719176769256591797e-03
1.167847309261560440e-03
1.766247005434706807e-04
1.889525883598253131e-04
7.731402874924242496e-04
4.310744989197701216e-04
2.060702718154061586e-05
4.498879425227642059e-04
3.210603317711502314e-04
2.018636223510839045e-05
3.389203920960426331e-04
1.565881539136171341e-04
5.505284934770315886e-05
2.577302511781454086e-04
3.259496224927715957e-05
1.198224199470132589e-04
1.360980677418410778e-04
1.007090486382367089e-05
1.392070698784664273e-04
2.585402762633748353e-05
6.262715760385617614e-05
7.577027281513437629e-05
7.741011359030380845e-06
8.103405707515776157e-05
9.112830412050243467e-06
4.513267049333080649e-05
3.416292747715488076e-05
1.065124160959385335e-05
4.517753404797986150e-05
1.328017788182478398e-06
3.378576366230845451e-05
1.112430345528991893e-05
1.392032208968885243e-05
2.176142697862815112e-05
1.804492057999596000e-06
2.203293843194842339e-05
1.927417542901821434e-06
1.351535320281982422e-05
8.042118679441045970e-06
4.237947905494365841e-06
1.191216142615303397e-05
3.205070697731571272e-07
1.017894101096317172e-05
1.920869635796407238e-06
5.166547452972736210e-06
5.100930138723924756e-06
1.099872292797954287e-06
6.161985766084399074e-06
2.260202336401562206e-07
4.396860276756342500e-06
1.677076397754717618e-06
1.694144202701863833e-06
3.100253707088995725e-06
1.714702477784157963e-07
2.993054522448801436e-06
3.847164293802052271e-07
1.653034246373863425e-06
1.331513658442418091e-06
3.795104817072569858e-07
1.748793465594644658e-06
5.743029163340906962e-08
1.265793912352819461e-06
5.003821570426225662e-07
4.510364703946834197e-07
9.293754601458203979e-07
3.087127709022752242e-08
8.419534651693538763e-07
1.672187863732688129e-07
3.941952968489204068e-07
4.669878421736939345e-07
5.262233315761477570e-08
5.173818067305546720e-07
5.390918289549517795e-08
2.897740785101632355e-07
2.337195326163055142e-07
5.534130309570173267e-08
3.064333782276662532e-07
1.802506943704429432e-08
1.936493561061070068e-07
1.204199406856787391e-07
4.452606106042367173e-08
1.795827984096831642e-07
7.652253941614617361e-09
1.210680125041108113e-07
6.681530351215769770e-08
2.923459163639563485e-08
1.063442454096730216e-07
4.146246901370886917e-09
7.231115262129605981e-08
4.032506240037037060e-08
1.649709169271318387e-08
6.397484497711047879e-08
3.124669412102321076e-09
4.122722074839657580e-08
2.659146147721003217e-08
7.753333974847009813e-09
3.876374776723423565e-08
3.041175977713805878e-09
2.204655658033516374e-08
1.864506238291596674e-08
2.809376287160603169e-09
2.319710290521470597e-08
3.409343252158691939e-09
1.064333154943142290e-08
1.334118504559000939e-08
6.670652363816031993e-10
1.326380960620099358e-08
3.786672753136599567e-09
4.305817924432631116e-09
9.334652162351630977e-09
2.475914473443197039e-10
6.878885017158609116e-09
3.844300877631212643e-09
1.234554791729181034e-09
6.050360212839223095e-09
6.643234851111401440e-10
2.970438783833628804e-09
3.424656558337346723e-09
1.661596277235943830e-10
3.410491444810759276e-09
1.165844754069667033e-09
8.984895605301801425e-10
2.569546575514891629e-09
1.492265755409505346e-10
1.516341940899224028e-09
1.340929811632918245e-09
1.174983443874566547e-10
1.536007099289804501e-09
4.470790126998025471e-10
4.341201842450459480e-10
1.118544923350839326e-09
6.456365997387081279e-11
6.535700869392258028e-10
6.062149671137717633e-10
4.032165573653045954e-11
6.567308363791823922e-10
2.353630623730396110e-10
1.490752798982697414e-10
5.052429585816753388e-10
5.276461906289497961e-11
2.381955188646145416e-10
3.097992973266627814e-10
8.747925994700977981e-12
2.570538226720486819e-10
1.500666951814721983e-10
3.066955717168085016e-11
2.192303005799089988e-10
5.371508099427657612e-11
6.369257204985601106e-11
1.557640683103045376e-10
1.154840632844322812e-11
8.221917591200167408e-11
9.487156893417392212e-11
3.031973760600492618e-12
8.196397727200377403e-11
4.948548168459687702e-11
8.314604213466303406e-12
6.899230492463104270e-11
2.153008674121714705e-11
1.569606944418211469e-11
5.185719909039931963e-11
7.436133306337744386e-12
1.990481564295709660e-11
3.455431080157111978e-11
1.859637010354076025e-12
2.041218409576384119e-11
2.122649798985687397e-11
8.255893798464475353e-13
1.856248141307581534e-11
1.256317098963233292e-11
1.360445393491782617e-12
1.553692591249600241e-11
7.087094799906878961e-12
2.105053327830508358e-12
1.232610367940534246e-11
3.814879401958792826e-12
2.678907443098843544e-12
9.490975713677407555e-12
1.943271498577869849e-12
2.773528368776867481e-12
6.610142988527911712e-12
8.789280067644789085e-13
2.620727853480664393e-12
4.544583025872794835e-12
3.885232521989856469e-13
2.385599530418947012e-12
3.145764248049798262e-12
2.005485350269758937e-13
2.005375466379577531e-12
2.123844503043592624e-12
1.241228934955110330e-13
1.665341584251855966e-12
1.447660350969992571e-12
1.146871226459511561e-13
1.279707893472870062e-12
9.760909528561123594e-13
1.049424219398686908e-13
1.024313988663705377e-12
6.887603009632370377e-13
1.072174372397129150e-13
8.604899019888645473e-13
5.336193184372894915e-13
1.135487849037407349e-13
8.055762003647548575e-13
4.609384163418994707e-13
1.160017990952527667e-13
7.786954674821044975e-13
4.128275683541043906e-13
1.241224191570605706e-13
8.129666644735022984e-13
4.127420519077495964e-13
1.287722641192534656e-13
8.214205140730235222e-13
4.133682328724685995e-13
1.218361891409946995e-13
8.406554532353061049e-13
4.325801869486944895e-13
1.080435518613018231e-13
8.150636741054151369e-13
4.474910025864531349e-13
9.084805119557309849e-14
7.742994071434361469e-13
4.798905413674892095e-13
6.243270467666886536e-14
6.905613234020613334e-13
5.142845784650296181e-13
3.994875041662612758e-14
5.172756754184826278e-13
4.603778296086158406e-13
3.807722095527238393e-14
3.036364562558624414e-13
3.039055281300190314e-13
3.972615693435127548e-14
1.681932587996315398e-13
1.519119031956339683e-13
3.708848278407422816e-14
1.860112948002742850e-13
1.161684951792724130e-13
5.486285931848369768e-14
2.601814705523175508e-13
1.636477140864317503e-13
4.969146906561201782e-14
3.149956153119387592e-13
2.379956312321268586e-13
3.731800160772583141e-14
2.477597662621511265e-13
2.108712510162646936e-13
3.717866129977070999e-14
1.932748123871508295e-13
1.677144209101533168e-13
3.571741426927621532e-14
1.949260387433190966e-13
1.480960265445169233e-13
3.922768482115569777e-14
2.133369164918769156e-13
1.592160106013429388e-13
3.855638071727056360e-14
2.358389633756730053e-13
1.997434742563239385e-13
3.298763714444652440e-14
1.661556905518252192e-13
1.386559730963757286e-13
3.509843986087245182e-14
1.914076807208592301e-13
1.444688688340481364e-13
3.754836068806111093e-14
2.091867803109825896e-13
1.699515636728599066e-13
3.279795936250197441e-14
1.678521416911132880e-13
1.378675548290714259e-13
3.449545743451284951e-14
1.747167812987324154e-13
1.377705187346339732e-13
3.526222215155354334e-14
1.948711103507555498e-13
1.625655718980739683e-13
3.459023703317881671e-14
1.480004270179580139e-13
1.141502257301363343e-13
3.768238501723926437e-14
1.746871419218420929e-13
1.278745989305440922e-13
3.996941802053913251e-14
1.736442885097097544e-13
1.301987353650654877e-13
3.843366258387236056e-14
1.946256469789048316e-13
1.809988790790750812e-13
4.103404356754769555e-14
9.494686395612739194e-14
8.636511238157076886e-14
4.032964080421565234e-14
1.220689131373187131e-13
6.415156491960949392e-14
4.967736766110612823e-14
1.102417853185433394e-13
4.194099223735897608e-14
5.604677759765176737e-14
5.387807170895153597e-14
3.794830931696385745e-14
7.354456399346481765e-14
3.340703364981822965e-14
6.120178284519176004e-14
3.855025836312780951e-14
4.483811596751180462e-14
3.986393531355165998e-14
3.755931790626679256e-14
4.020181336807961137e-14
3.523228461906578735e-14
3.802313281939251333e-14
3.423605190035032553e-14
3.588614323236927195e-14
3.549248297606694136e-14
3.479331148821714070e-14
3.393307499138104033e-14
3.253843863185862384e-14
3.290006071396400777e-14
3.221415376206820946e-14
3.156969043821566956e-14
3.209296028797506417e-14
3.084619216412072540e-14
3.055810270623238178e-14
3.112876574345654901e-14
3.107306485684510622e-14
3.222313231130910505e-14
3.030211240891318714e-14
3.032828572698334502e-14
3.134501325489057189e-14
3.122163104766172148e-14
2.906785665575568889e-14
2.897115598636534894e-14
3.007254953954832666e-14
2.966474044489506023e-14
2.997618768333688843e-14
2.889876516256120742e-14
2.929652167019645981e-14
3.086306167229824204e-14
2.984572428066899208e-14
3.034386435694924611e-14
2.893875189393518843e-14
3.059783193959039749e-14
2.939085742359806575e-14
3.069389902833619121e-14
2.990571115399354163e-14
3.037511648457114077e-14
2.979301511442725148e-14
3.145278633896742004e-14
2.993916895541008649e-14
3.123932048373218029e-14
2.984709647404354405e-14
2.822755592636616573e-14
2.877554897379001886e-14
2.758847126172869063e-14
2.904337740358003961e-14
2.960559044012239793e-14
2.934335242778425556e-14
2.844449800481693713e-14
3.063930944895154607e-14
2.832065839979656940e-14
3.335126161243921750e-14
2.916029505535544519e-14
3.000134456187034115e-14
3.023580328167033149e-14
2.936434868048079516e-14
2.925507465402141238e-14
3.241482603166812027e-14
3.068105800885581602e-14
3.320346113940692012e-14
3.073056877868872439e-14
3.133250088419373136e-14
3.173098584016362245e-14
3.183172516264647089e-14
3.277787112912489143e-14
3.107476569900319285e-14
3.273999181572367911e-14
3.195328794310461906e-14
3.205922465975181990e-14
3.052893089152894368e-14
3.190546107477085225e-14
3.214093623410754774e-14
3.105455210474991623e-14
3.131263965564651253e-14
3.170516149966773334e-14
3.034414896001952355e-14
3.137992117671281611e-14
3.178122505833116951e-14
3.082178067458085646e-14
3.311005712224729391e-14
3.259603348414012725e-14
3.238153424870923724e-14
3.100196152312079123e-14
3.100509215689384312e-14
3.159887580544626373e-14
3.144949646300028434e-14
3.027264582674410454e-14
3.067224547807258228e-14
3.066763423070772987e-14
3.139744459432561308e-14
2.968544870638953337e-14
3.120921015652318442e-14
3.198436727600527385e-14
3.369796575027755869e-14
3.264294555689085942e-14
3.287851897204943641e-14
3.173060636940325252e-14
3.327937900840342855e-14
3.351943153378708629e-14
3.387136694710767004e-14
3.290217152006856549e-14
3.437045570028884889e-14
3.361101612417601026e-14
3.485856690647361200e-14
3.263958791828794337e-14
3.280086976770874019e-14
3.388542430590030241e-14
3.353031421309340954e-14
3.336636251582286716e-14
3.413166694806249457e-14
3.522449530408283680e-14
3.384822939512047157e-14
3.431602197496649853e-14
3.441455901178648580e-14
3.595190348226230681e-14
3.402566585691130241e-14
3.387942731263374196e-14
3.400433756729943913e-14
3.451209654972871299e-14
3.353577926966909428e-14
3.353771389292062310e-14
3.180280406969542006e-14
3.397928233271965692e-14
3.336514278837882097e-14
3.484235469586316469e-14
3.229324631055102701e-14
3.555549545107908327e-14
3.308635036411954056e-14
3.500101413127926220e-14
3.728232119185569127e-14
3.569197617580427417e-14
3.588724098706891352e-14
3.554862093167916737e-14
3.831376337612261984e-14
3.541189964959695624e-14
3.894641228442685676e-14
3.744112970507050553e-14
3.597362479516169609e-14
3.767300666844726476e-14
3.633174354899723624e-14
3.613511670875341197e-14
3.843907343033942103e-14
3.687921482412558072e-14
3.628519061821613989e-14
3.711034301037696714e-14
3.921182158811951923e-14
3.647340133909604543e-14
3.863823459316143016e-14
3.637936374129187300e-14
3.835207298226103734e-14
3.600573750825800112e-14
3.654853316151750187e-14
3.621117349115327011e-14
3.832425642027320611e-14
3.926358546559212404e-14
3.608059828013633619e-14
3.955449384912892996e-14
3.732855563824862000e-14
3.676469935778858833e-14
3.909313194341845765e-14
3.600640835835222653e-14
3.659195207039375730e-14
3.868001703438359029e-14
3.622448884908410771e-14
3.751775569361091855e-14
3.646616428959470468e-14
3.896520963959232420e-14
3.494226392605770393e-14
3.784090553925201217e-14
3.560327488556780384e-14
3.707800668058258697e-14
3.597503764611771626e-14
3.732120000413466365e-14
3.657795569797332724e-14
3.517675313904379542e-14
3.629407429976694299e-14
3.526810733647106622e-14
3.579773670959844611e-14
3.618558970801440122e-14
3.360028591080019278e-14
3.582044735698022841e-14
3.611210112951061812e-14
3.659560447646231784e-14
3.606647993497150151e-14
3.876083414194701759e-14
3.639023964433461822e-14
3.777587712582540502e-14
3.868222609631002951e-14
3.661264677936107437e-14
4.096938446048609128e-14
3.889839568071290499e-14
3.771897006429707211e-14
3.793731144117670762e-14
3.571697720027543210e-14
3.778209095952646257e-14
3.449446810003045649e-14
3.772807397441416133e-14
3.724698636542803087e-14
3.689966897573587756e-14
3.739296063542604798e-14
3.739222879895962026e-14
3.732105770259952493e-14
3.870710175990499380e-14
3.629275292836922628e-14
3.872061362947959440e-14
3.579421644066965724e-14
3.589246548628757805e-14
3.657479118288238518e-14
3.741138529609472352e-14
3.989831807494660654e-14
4.038747282572238695e-14
3.817242745854376729e-14
4.124805152386917806e-14
3.993988028760248055e-14
3.927054130015497635e-14
4.284606388215914108e-14
4.047109191827533148e-14
3.981817859374098267e-14
3.885406536438540392e-14
3.940353224913747954e-14
4.256568920035438963e-14
3.877065294787158944e-14
3.909509705985608763e-14
4.007645588001776393e-14
3.830342279790253934e-14
3.792888854554921085e-14
4.132939379185990303e-14
4.003695026335782337e-14
4.004964898130305984e-14
3.953575748033566484e-14
3.870052200797072239e-14
3.946346830048519383e-14
4.017806595237038980e-14
4.261720235607460716e-14
4.195055354526758262e-14
4.242659622601986646e-14
3.955459210495081146e-14
3.978303011456171823e-14
4.033260203139925337e-14
4.035664082644233042e-14
3.950221836375618356e-14
4.137447966157635493e-14
3.886991504489442639e-14
4.284786975640268725e-14
3.997889801328480264e-14
4.111083557454577042e-14
4.377292121436268668e-14
4.167333999042198422e-14
4.093002114536128944e-14
4.093894887262534976e-14
4.202242259677621550e-14
4.210287039797463993e-14
