1.721695959568023682e-01
1.705224812030792236e-01
1.453022658824920654e-01
1.390383392572402954e-01
1.236606910824775696e-01
1.098351329565048218e-01
1.040151566267013550e-01
9.775141626596450806e-02
9.263859689235687256e-02
9.111683070659637451e-02
8.829259127378463745e-02
8.379539102315902710e-02
8.055850863456726074e-02
7.781977206468582153e-02
7.499416917562484741e-02
7.319513708353042603e-02
7.140077650547027588e-02
6.865033507347106934e-02
6.610284745693206787e-02
6.411152333021163940e-02
6.200991943478584290e-02
6.012344360351562500e-02
5.856494605541229248e-02
5.665231868624687195e-02
5.469111725687980652e-02
