137 189 234 180 105 105 108 112 108 168 199 168 137 153 192 168 105 122 126 124 119 136 173 157 84 85 73 116 186 156 99 102 134 164 188 187 151 123 97 80 74 79 94 110 125 138 145 151 152 154 161 183 202 199 188 189 194 193 181 167 152 143 139 144 165 193 216 205 140 111 103 115 209 216 148 123 110 111 141 159 168 171 161 152 154 155 159 161 143 125 139 150 139 125 113 110 118 138 169 191 211 229 229 214 173 150 155 155 132 113 108 102 93 90 117 145 189 210 169 134 109 88 87 90 92 101 123 147
116 149 199 180 132 108 105 111 130 156 163 138 126 131 155 146 128 127 123 122 123 139 212 219 167 79 83 110 166 162 123 101 112 143 173 188 176 140 114 100 98 89 93 99 104 125 158 173 177 180 190 210 220 219 209 203 197 200 205 202 192 166 158 169 184 206 225 221 193 151 128 151 190 189 163 154 147 158 181 191 186 175 159 151 157 151 113 112 100 88 108 133 133 124 108 95 114 173 205 212 204 198 190 173 161 150 134 135 129 116 107 91 77 65 78 103 122 152 159 153 152 125 93 97 101 107 121 140
99 125 161 172 165 129 110 129 166 156 140 121 112 115 128 136 140 124 115 114 117 150 251 242 255 178 98 109 140 151 143 109 97 119 149 172 187 171 137 122 122 116 100 94 91 117 183 190 204 214 219 230 236 235 228 215 201 204 212 222 226 211 185 183 199 220 244 234 208 189 187 179 167 169 170 175 187 208 226 226 204 177 154 149 164 173 107 73 62 59 79 93 119 120 104 93 174 213 216 220 182 153 131 123 141 146 118 108 124 123 106 83 69 56 53 60 73 88 116 148 165 182 148 107 111 117 124 133
151 168 182 193 198 186 166 173 189 182 163 148 147 162 162 133 121 117 125 141 170 160 168 227 220 211 134 113 128 148 151 130 97 109 133 139 155 176 170 161 156 145 134 127 124 156 184 184 208 216 179 192 211 197 178 168 158 149 145 194 210 193 162 151 166 193 214 222 212 187 173 146 105 131 177 172 170 173 176 166 151 145 143 152 167 169 151 110 93 68 69 78 80 104 118 181 220 221 218 178 150 140 134 124 115 115 111 108 128 131 106 88 76 64 56 51 59 74 78 108 150 165 172 156 134 125 124 126
227 225 228 240 254 246 225 207 196 205 214 221 225 212 204 148 91 103 144 168 203 143 92 123 198 188 159 133 133 149 160 147 101 104 118 122 114 135 177 193 210 198 161 154 157 169 179 189 236 208 134 141 170 159 129 125 132 122 98 124 175 169 143 134 141 159 186 191 193 185 143 114 77 92 170 177 145 117 83 66 80 108 135 157 172 170 167 161 158 157 94 62 68 82 168 216 231 250 167 139 128 124 127 118 103 92 93 110 146 149 115 93 85 75 62 54 55 60 62 68 105 140 156 163 171 174 146 117
164 145 176 208 216 227 229 207 168 154 155 152 157 168 170 157 115 105 137 166 184 122 86 97 167 170 150 133 114 133 145 131 105 98 105 114 119 119 150 164 163 180 176 161 161 172 187 190 198 168 152 157 176 173 145 141 156 154 125 122 133 148 141 142 155 167 172 181 181 182 166 142 114 118 156 163 111 90 82 76 68 92 132 144 129 153 186 172 162 161 172 130 96 91 113 166 190 156 121 106 95 103 129 132 119 111 120 144 175 170 122 94 86 81 74 66 72 73 72 74 84 107 131 134 137 161 192 178
80 68 68 124 175 215 254 206 144 128 112 97 86 108 137 141 135 128 121 133 145 114 87 100 172 161 138 115 87 90 120 132 120 100 95 102 114 129 139 151 146 158 181 177 169 180 196 188 146 140 161 169 175 182 164 161 170 168 147 134 126 126 133 141 166 177 172 171 170 164 183 188 174 162 155 153 102 75 84 76 64 71 122 137 98 79 170 221 170 157 167 174 147 126 88 67 90 105 88 71 66 77 129 142 134 130 150 175 196 195 133 99 87 79 80 77 84 89 92 91 84 84 106 128 124 121 161 207
80 81 82 82 116 150 161 128 112 105 102 95 79 77 99 115 124 139 135 125 122 113 101 125 183 167 136 111 93 84 89 124 143 119 101 100 108 136 153 167 186 191 200 196 188 191 187 160 126 129 134 151 153 169 181 171 165 146 126 124 126 123 125 132 156 175 179 173 161 150 154 175 181 165 157 157 147 95 88 87 76 72 91 127 126 99 83 143 172 151 142 157 159 154 150 89 75 91 85 70 67 73 123 141 126 107 131 162 206 215 154 113 102 92 96 128 171 182 159 136 114 100 105 132 148 136 128 155
80 82 83 82 79 91 82 77 84 91 95 90 74 63 64 87 112 138 147 124 105 107 116 145 186 176 139 122 101 90 87 112 149 145 107 104 106 137 172 197 246 255 255 240 215 189 161 142 121 127 123 128 132 147 182 180 159 134 115 112 121 121 130 132 146 166 180 179 165 149 133 148 177 176 153 152 169 169 124 108 97 90 88 97 146 138 83 76 138 150 126 127 156 172 178 174 96 70 83 73 63 71 121 141 107 74 110 141 200 235 182 130 124 125 167 225 241 251 193 156 138 117 111 121 154 171 153 139
81 82 79 75 69 70 75 91 96 90 86 84 73 66 65 80 108 132 143 125 97 90 97 131 162 167 143 139 121 109 111 129 154 165 139 110 111 131 174 198 211 185 180 207 215 185 160 146 126 127 127 129 126 137 166 175 163 133 120 122 131 132 129 127 120 134 153 169 178 157 125 126 147 160 153 158 196 204 190 140 111 100 101 83 140 155 129 121 151 153 123 111 137 159 165 177 178 96 83 78 57 66 117 130 95 72 108 142 187 233 227 173 153 157 186 208 220 175 114 101 100 96 96 101 121 165 174 162
77 77 77 70 61 61 65 88 106 92 72 70 66 67 72 88 104 123 131 114 85 80 78 100 129 145 148 153 148 137 133 140 148 156 161 143 120 134 171 180 177 155 142 155 186 185 176 166 142 133 140 148 132 137 152 162 168 155 126 129 140 146 139 125 105 101 122 138 182 184 133 121 133 148 156 164 218 236 224 197 121 96 72 65 127 157 181 190 178 156 121 107 129 153 139 141 174 180 105 80 60 60 104 117 95 74 121 153 188 218 234 233 197 185 190 191 153 93 79 61 51 59 69 74 78 86 142 177
80 70 72 69 61 60 61 79 103 93 67 59 57 64 87 104 113 118 122 109 88 85 92 108 128 141 155 151 146 145 143 143 144 147 153 162 161 168 178 173 166 150 129 117 137 174 179 187 178 164 166 173 165 149 139 136 150 172 176 165 156 146 133 131 135 123 122 124 183 201 165 141 149 163 179 180 190 207 210 194 128 103 112 159 160 163 174 175 153 133 121 122 159 180 165 145 148 164 170 145 106 94 110 118 104 94 139 160 184 204 216 232 216 200 194 184 144 112 110 86 66 67 75 76 77 80 77 116
82 69 65 69 70 66 64 78 101 92 64 54 58 79 107 119 126 126 121 112 93 98 124 131 135 144 162 142 120 127 143 143 144 147 152 163 188 194 184 170 161 144 101 95 99 129 162 184 208 199 188 186 189 166 119 111 119 147 203 203 175 146 115 117 157 163 129 125 175 197 183 175 177 187 202 201 179 168 174 167 124 106 182 240 183 164 157 146 116 110 130 152 187 204 199 188 151 142 161 174 164 152 137 128 120 119 163 181 183 191 212 224 220 211 194 182 166 141 131 119 95 78 83 83 75 74 83 87
70 69 63 65 72 77 76 90 113 111 94 75 83 102 122 131 138 140 130 125 129 119 128 135 134 138 159 132 97 95 105 115 120 128 138 145 165 173 139 133 142 129 83 75 83 106 139 168 221 204 181 185 213 183 106 115 126 144 203 208 149 122 108 116 155 163 137 136 169 192 204 205 208 213 226 230 222 185 168 160 138 132 182 197 170 169 164 164 150 149 162 157 155 182 209 213 162 127 140 149 149 158 163 156 155 168 204 218 208 199 175 175 215 220 184 180 163 139 131 131 133 119 104 105 104 97 95 103
62 73 72 69 71 82 90 108 120 114 116 112 114 127 151 148 145 142 128 132 146 135 116 123 129 135 159 126 84 72 71 82 93 107 125 132 131 128 113 108 106 90 63 63 69 85 125 147 217 205 170 170 221 203 113 119 132 145 195 208 122 104 99 111 151 159 141 132 158 189 223 240 248 254 254 254 255 242 190 165 156 154 154 151 150 158 182 199 210 208 193 171 127 129 206 223 152 117 121 121 123 140 170 187 200 213 241 253 233 225 124 73 154 238 191 177 159 139 130 124 143 161 147 134 134 134 127 125
69 77 84 81 80 88 102 125 129 111 104 124 143 157 158 153 145 135 110 108 118 119 109 104 123 142 181 144 86 80 81 100 115 124 128 132 133 130 126 118 86 63 60 58 61 70 98 127 181 192 166 164 195 220 152 125 124 124 146 197 180 134 120 129 163 159 133 112 106 170 199 212 229 247 255 255 255 253 230 187 172 168 157 142 142 146 148 171 187 188 187 179 148 137 174 174 131 121 124 147 148 145 165 161 168 180 206 230 236 240 156 92 135 219 239 199 157 139 136 143 159 170 163 154 153 155 148 143
81 84 91 87 81 93 115 133 140 116 90 115 179 166 153 143 140 123 79 73 81 97 110 110 125 148 210 190 112 106 121 139 153 149 128 121 127 130 131 119 60 51 56 53 54 65 82 107 147 168 170 168 180 197 173 137 111 107 106 134 225 226 198 201 205 188 138 116 100 114 169 181 202 220 247 255 254 255 249 229 195 181 163 144 145 155 137 122 125 138 163 178 188 186 150 136 127 129 182 254 252 242 168 127 127 128 155 189 228 244 205 174 178 193 223 246 175 152 166 190 181 176 175 175 178 181 168 155
99 115 137 142 139 123 112 117 117 100 83 89 158 168 157 138 130 108 71 71 81 99 120 135 149 150 176 205 172 121 129 132 140 141 128 115 109 107 98 81 51 52 54 50 51 66 83 98 131 135 143 155 165 168 153 133 101 99 109 111 170 187 160 171 192 210 222 192 156 126 128 145 162 194 223 238 235 242 254 249 230 204 177 154 145 154 148 128 96 100 125 164 181 195 170 156 160 200 245 222 200 243 186 121 115 109 147 213 223 217 183 144 139 165 204 225 172 134 152 184 175 165 165 171 188 200 182 160
110 171 214 190 166 140 100 91 75 69 69 83 109 156 170 148 123 93 71 73 86 109 135 157 171 163 144 175 204 168 132 120 106 116 133 121 93 83 74 66 57 56 54 53 49 66 90 111 126 119 124 136 141 141 125 103 77 80 102 115 150 150 124 134 170 205 239 235 229 199 116 111 134 158 205 216 208 219 249 255 255 247 205 172 150 146 154 160 94 66 76 96 144 165 211 252 252 254 244 240 245 254 179 125 102 97 168 251 203 184 153 129 123 132 167 200 172 126 138 174 168 155 145 154 193 218 194 163
104 183 208 193 140 114 103 88 66 64 72 73 88 119 150 130 97 72 69 76 82 98 114 127 137 120 104 101 139 150 135 141 140 133 131 133 123 104 88 86 81 76 80 83 84 88 103 125 140 120 111 121 124 122 113 90 72 66 75 114 151 154 142 138 159 173 174 180 190 174 125 111 124 137 166 209 202 208 225 235 234 244 231 199 179 158 159 162 128 79 87 88 107 144 207 221 231 236 241 247 236 201 164 139 119 119 183 228 190 168 139 120 125 126 128 171 203 168 158 177 180 170 144 137 169 201 193 176
85 163 198 172 93 106 115 96 65 75 91 80 72 94 116 92 69 63 67 74 71 70 66 64 59 56 65 72 71 85 104 156 206 179 124 134 164 168 138 118 105 106 110 113 118 120 116 129 156 142 107 103 101 104 109 99 82 77 62 82 146 161 173 177 170 158 135 118 109 111 126 129 118 122 134 162 192 205 207 201 199 209 232 233 227 214 177 158 139 109 93 92 105 119 176 197 204 208 232 253 204 168 162 158 148 153 189 207 185 164 136 103 108 113 108 107 210 236 183 172 184 189 164 138 150 174 189 195
72 111 164 164 108 102 117 111 77 85 102 101 89 89 96 84 73 78 99 119 119 101 82 76 76 79 81 84 90 109 129 159 190 182 118 107 130 146 122 100 98 108 112 114 117 122 119 135 174 168 108 94 92 93 103 109 100 89 79 79 117 155 192 214 212 188 166 147 133 127 139 139 111 109 125 139 160 171 167 177 185 184 191 216 224 217 198 177 164 137 108 102 103 101 123 168 201 210 225 203 167 165 185 195 153 132 140 155 148 159 150 106 90 92 98 89 148 205 168 152 164 174 164 153 160 176 183 175
70 88 118 153 169 133 113 103 84 92 110 118 112 100 91 86 85 103 132 157 174 174 171 183 200 209 208 186 165 172 193 188 167 150 115 95 68 71 69 73 83 97 106 104 100 111 122 144 190 191 108 92 77 77 87 101 116 111 99 103 120 138 224 241 238 235 231 231 232 213 152 128 91 83 106 121 137 130 114 123 156 165 172 180 198 201 208 209 195 183 136 115 92 86 110 139 196 225 194 165 155 169 218 237 154 110 105 96 89 96 136 148 90 64 77 72 113 135 110 97 100 112 149 175 194 212 182 144
74 89 107 125 154 158 128 114 98 101 110 116 116 118 119 102 97 99 112 123 147 175 195 208 193 182 188 202 198 203 217 211 193 169 152 98 76 81 87 93 87 87 88 81 80 91 116 146 200 196 110 89 67 67 74 81 95 110 126 144 149 170 210 209 199 217 231 227 224 211 156 127 103 85 86 94 114 117 113 118 127 134 146 152 167 178 188 201 204 197 168 140 119 110 123 137 188 235 190 165 132 142 202 226 180 123 117 110 107 103 98 138 159 94 64 75 104 116 97 95 103 104 134 201 201 196 178 151
73 86 96 112 128 145 137 119 104 94 92 96 103 118 144 131 108 99 97 101 98 147 227 225 213 216 232 224 200 206 252 233 216 196 178 145 96 104 114 117 97 80 67 61 66 80 110 143 210 204 106 84 69 67 69 71 72 94 155 181 200 207 194 170 147 158 220 235 219 204 161 135 124 101 75 72 89 102 112 115 112 116 121 125 144 164 174 189 202 200 174 179 204 193 166 155 210 248 192 163 102 84 160 201 179 163 142 127 116 110 97 99 151 169 110 81 98 106 89 84 96 107 147 227 191 176 164 159
145 117 108 122 139 158 158 107 98 112 112 90 90 97 119 118 106 97 94 103 96 141 240 220 191 168 157 166 173 164 190 242 210 213 211 179 132 113 108 110 92 79 71 67 71 91 123 155 197 200 105 80 71 68 72 70 76 123 141 151 170 174 173 178 150 141 176 201 179 186 195 165 136 114 72 73 95 108 112 98 85 100 116 128 158 166 160 177 201 208 186 177 185 184 177 174 218 251 174 132 90 81 118 175 152 154 139 120 117 114 110 96 122 155 154 111 100 106 102 98 108 130 168 203 178 165 161 159
202 173 147 148 154 174 201 146 85 118 147 120 83 78 71 76 88 85 87 93 97 152 245 213 137 111 88 104 144 138 120 168 249 228 246 208 156 132 92 82 69 78 90 94 98 112 148 163 184 171 98 84 73 67 77 91 152 152 114 91 83 94 116 136 178 174 175 161 119 128 230 236 151 119 81 82 114 124 113 96 74 75 112 138 192 203 160 158 188 206 194 181 180 179 179 188 221 250 150 104 85 76 110 140 138 133 93 81 102 114 113 106 113 131 142 136 106 106 119 133 148 159 162 155 145 153 160 162
175 157 135 128 127 143 176 192 119 100 134 123 76 73 74 79 81 78 76 82 94 125 182 162 115 99 91 100 124 122 103 91 117 176 213 198 163 149 90 69 62 71 88 106 120 154 180 190 184 95 80 86 96 102 113 142 159 136 89 76 73 83 101 112 120 156 160 123 102 104 183 228 137 116 105 110 132 135 110 93 77 65 80 127 171 211 175 165 176 184 191 191 195 192 176 191 228 252 205 134 99 86 109 139 132 102 74 74 88 102 97 97 110 121 134 140 129 122 115 126 141 143 138 136 146 169 178 180
103 109 108 98 86 98 112 178 181 117 108 101 75 72 74 82 87 77 70 76 86 98 110 90 73 80 90 99 104 102 82 66 59 59 63 121 156 146 72 59 59 64 76 104 150 186 232 231 97 75 73 94 167 176 156 139 98 73 72 63 66 74 85 97 104 98 84 88 98 107 137 142 95 102 124 135 148 145 101 80 77 70 63 81 125 152 196 190 168 161 182 196 216 219 184 184 228 255 235 211 152 123 126 137 117 88 79 69 75 76 72 75 96 110 123 140 143 134 115 109 112 113 122 130 165 196 197 196
85 98 104 110 100 109 111 142 204 163 105 93 76 70 69 78 94 89 78 73 78 94 102 87 70 75 78 87 92 97 88 69 61 66 67 73 126 125 64 61 64 68 74 92 129 156 172 111 87 86 97 168 180 165 140 91 75 90 75 59 71 84 92 98 103 89 71 76 97 110 121 107 90 99 124 132 136 127 85 70 73 71 65 66 88 112 131 157 145 125 132 175 205 235 227 193 211 237 220 202 174 152 154 141 104 91 75 67 70 65 70 76 82 90 92 121 147 139 119 108 106 111 121 151 186 191 186 178
73 88 102 117 119 120 119 129 227 200 105 96 82 74 71 75 92 95 88 76 73 86 91 79 67 75 66 70 76 95 111 94 66 60 62 73 107 106 68 64 73 78 81 86 94 91 66 80 102 124 197 203 150 120 76 66 92 87 72 64 77 93 109 111 109 90 74 74 98 113 99 89 90 98 120 125 123 112 80 65 70 70 63 61 62 67 81 87 90 91 85 101 177 210 242 244 208 203 192 183 169 159 163 166 114 86 79 66 60 63 74 83 80 71 67 73 126 147 124 109 115 123 149 189 188 175 165 153
73 79 94 119 131 129 125 139 233 207 92 86 81 82 91 85 86 88 84 78 70 72 75 69 66 74 71 68 71 92 118 107 80 64 65 82 106 103 77 74 80 96 101 88 82 84 85 94 109 146 197 160 118 98 72 79 91 84 84 83 87 98 115 123 122 109 75 72 101 110 83 77 79 91 119 128 127 121 90 68 72 71 64 64 60 61 79 86 81 85 88 83 166 202 204 236 236 211 202 186 173 166 164 183 154 112 88 80 72 75 91 99 92 81 85 90 99 147 164 139 128 141 187 210 203 190 183 175
92 84 86 112 135 135 133 163 222 185 74 65 65 104 135 118 90 82 74 75 72 66 60 61 75 78 73 71 69 94 121 104 75 67 75 90 105 106 91 89 91 110 122 101 78 87 107 128 141 147 119 93 99 93 85 89 87 81 85 87 94 104 118 127 134 128 90 82 114 118 81 77 77 82 104 125 133 132 105 79 70 65 61 61 56 62 88 97 82 78 80 80 179 201 185 193 228 239 235 229 195 180 190 204 170 143 107 92 83 80 101 114 115 114 127 144 136 123 189 250 228 219 241 252 246 245 250 249
115 99 85 96 116 126 129 164 202 152 78 69 69 88 117 113 93 88 86 83 80 76 74 69 69 73 70 71 69 97 130 114 75 71 79 83 91 100 102 95 92 103 126 117 90 84 105 123 119 95 84 83 100 95 84 84 83 73 75 78 87 102 116 121 127 119 96 98 145 142 90 83 85 82 83 98 121 130 119 101 78 69 62 56 56 69 90 96 80 74 75 77 156 187 174 175 195 239 248 250 237 211 209 213 173 146 130 115 106 110 124 130 132 128 131 137 132 98 135 234 209 197 214 228 241 243 245 248
132 115 90 84 89 106 119 148 177 142 85 90 91 89 84 80 83 94 100 94 87 85 85 74 59 63 67 68 71 101 137 125 83 73 76 75 73 88 106 100 91 101 120 121 107 98 93 87 71 75 77 79 97 93 76 71 74 70 62 68 72 84 106 116 104 96 93 104 159 165 104 88 93 85 74 74 90 111 128 126 100 83 65 60 66 83 96 95 77 71 77 83 120 156 154 162 180 202 244 255 255 247 231 217 171 150 145 142 161 177 176 158 138 128 111 94 79 64 110 183 158 137 157 187 225 253 255 252
135 121 100 87 82 102 125 139 156 146 118 107 99 90 82 71 69 78 92 93 82 84 81 72 62 61 64 68 79 105 127 121 95 77 75 78 77 87 99 104 108 112 112 110 104 108 112 93 70 78 77 70 77 78 67 62 65 68 68 68 68 75 88 102 95 92 93 97 129 144 104 91 94 86 73 68 73 93 121 133 117 100 88 99 107 117 124 110 88 77 82 89 102 141 150 155 167 178 201 240 254 255 248 226 184 160 144 138 158 172 170 153 137 117 87 70 62 60 99 164 163 153 133 128 143 204 244 249
132 126 116 99 83 120 143 134 120 135 149 133 117 94 78 73 70 66 67 79 79 74 68 61 59 57 61 70 89 102 109 113 100 86 77 86 97 95 90 105 130 124 108 102 91 105 139 134 90 83 80 65 58 61 60 58 59 65 71 74 72 70 80 88 88 89 92 97 109 119 104 86 88 81 78 75 73 87 110 124 125 122 138 157 162 162 153 135 107 90 88 92 98 108 160 162 164 165 174 198 242 255 255 247 206 178 143 124 131 142 136 130 121 104 74 54 57 65 108 143 181 191 122 62 85 115 200 230
133 120 117 106 97 127 138 123 105 102 126 135 127 118 107 110 88 68 61 71 79 74 64 62 65 59 56 58 70 84 96 121 125 105 89 93 106 106 95 112 148 133 103 95 88 86 113 132 107 85 81 70 63 61 60 57 56 57 63 70 73 69 72 83 88 92 99 100 105 121 143 99 82 86 88 89 90 99 104 112 120 120 133 149 149 152 147 130 106 82 75 88 107 96 109 165 164 163 173 187 224 250 252 255 240 198 136 129 128 128 123 122 123 118 93 65 69 94 126 136 165 165 98 79 103 121 159 209
155 116 94 104 125 132 129 110 89 69 69 98 123 133 149 166 180 108 67 69 75 69 62 67 68 68 67 57 51 64 78 126 184 160 113 110 120 114 107 121 150 136 99 88 87 78 75 84 85 81 78 70 75 74 60 56 56 54 53 60 66 66 62 73 95 109 120 108 101 126 189 174 95 89 100 109 119 126 106 97 104 103 94 86 83 83 90 85 77 66 60 69 98 108 82 91 149 157 175 191 211 236 249 254 254 241 147 130 139 130 113 115 130 141 123 105 113 155 165 153 119 85 87 102 123 137 154 189
174 160 119 125 140 138 134 114 94 65 56 69 87 103 126 157 172 195 119 79 82 69 61 68 71 70 70 65 55 54 62 85 163 183 147 126 128 130 135 156 158 135 104 89 77 71 61 64 75 77 70 70 85 85 59 52 54 56 54 58 61 59 54 59 79 106 130 120 96 102 159 177 118 87 100 107 114 111 88 80 87 81 93 107 102 89 80 81 86 89 85 78 87 102 103 81 84 130 157 182 199 215 245 255 253 253 223 139 142 145 128 123 147 169 172 156 173 180 171 147 122 98 99 122 139 152 157 170
177 172 162 160 156 146 140 128 110 77 53 57 59 64 70 119 163 175 202 126 88 70 55 64 67 65 64 67 64 59 57 65 78 130 158 142 144 159 199 211 201 165 112 93 66 60 59 59 67 67 61 71 91 91 64 51 54 56 58 60 59 57 52 56 69 90 116 120 96 86 92 110 104 84 81 80 75 69 68 73 73 71 123 139 132 117 97 90 101 118 124 111 100 100 108 97 75 73 92 124 172 195 233 255 255 254 252 234 155 150 152 154 175 205 228 246 220 202 170 145 138 135 140 157 168 175 163 155
153 147 150 153 160 149 131 124 121 121 91 69 65 57 60 84 135 172 195 163 95 81 67 63 64 62 59 67 73 68 65 71 77 80 123 156 153 178 221 229 225 210 164 90 66 67 67 63 67 63 58 66 83 92 79 59 54 57 58 60 63 64 60 70 87 90 100 103 91 77 76 84 94 81 68 69 69 66 66 70 71 76 105 127 131 119 104 104 107 113 117 113 102 96 99 98 81 70 79 94 106 175 222 248 255 254 255 251 241 161 148 151 162 192 212 220 215 196 182 168 161 157 159 171 180 175 165 160
99 101 108 128 147 136 110 111 123 159 182 129 87 72 64 82 105 151 184 144 75 77 82 77 73 64 52 66 81 80 72 77 80 80 81 132 164 185 231 246 252 234 205 154 84 87 82 70 62 58 58 66 74 88 96 82 58 51 53 57 63 68 73 83 97 98 95 91 77 63 62 75 91 83 65 68 79 80 68 62 72 78 75 88 110 111 106 111 114 106 92 87 89 86 83 84 86 84 76 81 90 97 204 225 246 255 255 254 249 240 151 135 139 144 131 125 141 161 180 190 194 196 196 196 184 170 170 184
88 96 104 109 123 137 128 127 143 186 214 215 136 82 67 77 92 128 175 139 69 74 78 79 75 72 67 86 100 92 75 70 74 77 84 105 159 184 225 244 251 248 214 188 128 97 85 72 62 54 58 68 76 81 93 95 70 50 47 51 55 59 66 75 114 118 106 95 77 69 68 73 83 87 73 70 76 82 79 69 69 72 67 69 100 118 112 111 111 96 75 72 80 81 71 76 102 106 113 108 106 114 143 200 230 248 244 244 247 253 232 175 160 143 106 119 140 151 155 175 182 182 188 187 177 162 152 153
82 95 118 123 119 156 237 218 196 216 250 238 246 104 68 78 86 118 163 142 77 81 77 71 70 71 76 111 130 111 76 73 81 82 75 94 144 175 212 230 238 240 229 200 153 118 73 60 59 60 63 70 75 79 84 82 64 52 52 52 50 50 52 71 146 147 121 100 76 67 69 70 72 73 74 73 75 77 91 91 73 66 61 68 109 126 114 108 107 100 77 67 80 81 66 67 106 123 139 156 164 164 148 157 217 239 224 220 236 250 252 251 239 218 129 115 145 160 138 113 98 89 85 91 109 118 107 97
77 98 120 127 129 163 237 219 222 227 251 230 237 178 75 75 86 113 153 136 82 85 78 68 67 71 77 95 114 107 76 66 77 91 97 92 123 153 192 217 237 235 226 211 154 129 73 55 58 64 64 63 64 75 86 79 60 56 63 65 62 56 56 103 143 138 109 88 70 64 68 72 76 72 73 75 74 71 84 92 77 67 60 66 102 116 109 103 103 96 74 64 91 101 79 61 81 112 134 152 158 165 168 160 197 230 217 213 231 241 239 240 228 227 171 104 110 143 141 124 110 102 100 91 85 102 119 117
65 97 122 127 124 150 218 216 236 241 254 235 235 188 77 68 81 109 143 121 76 79 73 69 67 67 68 66 70 86 85 70 73 92 128 112 92 125 172 203 247 240 222 196 135 111 68 55 64 69 63 56 55 67 90 87 61 59 71 77 74 76 119 132 116 97 72 63 65 67 66 66 71 76 79 80 72 65 67 76 86 81 64 64 80 91 85 75 69 65 60 64 104 134 114 83 69 67 77 95 112 127 162 183 202 217 210 214 232 238 221 212 219 224 180 129 92 98 132 142 145 138 120 97 85 90 122 139
73 89 111 120 116 144 209 207 220 221 228 229 204 122 69 68 72 104 134 118 77 79 74 71 74 73 68 62 60 69 80 75 80 94 129 126 90 98 153 178 223 224 204 166 113 95 78 65 63 67 60 54 54 67 94 98 75 56 65 82 82 86 150 146 108 88 66 52 57 65 65 66 68 72 75 78 74 66 67 75 84 92 90 85 86 81 68 59 59 57 53 57 86 124 128 107 87 71 69 76 81 94 129 179 197 204 196 197 230 250 219 189 178 204 201 166 141 99 109 131 134 136 125 108 93 85 102 126
109 97 96 108 117 145 201 200 197 185 172 162 134 93 67 74 66 99 132 121 92 88 79 81 87 81 73 71 73 75 77 76 84 98 119 117 99 99 133 156 181 185 167 138 95 82 76 72 59 55 57 61 62 74 96 99 82 66 56 66 74 89 159 153 104 83 70 59 58 64 66 67 72 72 73 73 72 70 73 72 69 78 101 112 109 89 62 60 62 57 56 56 61 86 114 116 101 85 72 68 65 69 94 126 168 184 174 165 205 254 216 186 147 135 190 223 210 195 136 123 112 105 115 116 101 83 86 96
105 95 95 108 119 153 196 194 194 172 152 144 133 96 68 75 68 98 144 129 97 89 78 93 103 90 73 71 77 78 80 83 96 105 114 112 99 94 118 146 156 151 137 117 82 72 67 72 65 58 63 64 61 71 98 101 84 67 58 53 62 113 148 134 90 74 66 63 64 65 65 67 72 71 72 70 66 63 76 79 69 68 89 110 118 103 71 58 60 58 63 66 67 76 96 111 107 93 98 95 80 85 105 132 170 175 156 144 179 236 205 187 166 141 172 240 225 207 198 148 121 102 101 120 117 88 72 91
82 80 86 105 124 149 189 186 200 159 127 131 137 113 68 70 68 116 161 133 97 88 78 93 116 108 81 75 75 74 73 89 122 120 108 93 77 71 69 91 102 92 82 82 74 69 60 64 64 59 62 58 54 65 98 102 75 60 61 75 128 143 116 98 79 61 57 60 71 73 69 67 69 68 67 66 59 61 89 97 77 71 77 92 108 106 87 66 61 59 68 80 90 102 111 113 96 83 124 151 203 243 215 205 193 181 136 119 156 200 194 189 190 190 216 251 236 222 208 198 132 122 114 111 106 76 93 196
86 84 90 109 125 130 162 185 191 138 112 126 136 132 87 69 88 151 163 127 93 82 78 93 108 106 88 78 77 73 76 100 137 128 94 76 65 62 57 60 74 70 65 69 70 69 66 61 63 77 96 69 57 63 82 86 64 56 65 89 144 147 111 96 79 62 56 63 72 73 72 68 67 67 65 64 66 76 97 104 82 72 77 80 88 97 91 79 65 60 66 81 104 118 123 120 96 76 121 151 204 241 218 203 197 198 171 131 146 171 178 179 183 198 228 245 244 229 219 216 179 138 128 114 98 103 178 211
125 138 147 135 122 105 99 140 158 122 103 121 132 128 115 109 140 160 162 133 80 73 71 85 92 91 85 78 76 73 75 102 139 128 81 70 61 62 66 65 60 62 68 68 66 65 67 67 66 98 154 129 76 66 67 70 66 62 67 84 126 137 119 98 80 66 60 64 66 66 70 70 69 71 67 68 75 88 93 93 82 76 79 79 78 84 86 84 72 61 62 74 104 121 127 128 107 84 114 138 187 215 177 166 191 202 203 185 143 136 146 150 145 150 197 222 227 228 217 216 214 201 197 189 161 151 179 205
130 161 176 166 142 106 96 121 150 131 110 121 126 120 111 117 141 149 157 137 93 71 67 75 81 83 78 69 70 79 81 99 135 132 94 72 64 70 81 85 71 64 74 78 75 74 72 70 68 87 139 147 89 68 66 66 67 69 85 92 104 114 116 95 77 67 62 62 64 66 70 73 75 75 68 69 76 84 89 83 76 79 83 80 75 74 78 78 75 68 65 72 92 113 127 127 99 101 134 163 190 196 160 137 153 192 197 179 140 123 133 143 134 121 140 196 210 204 187 194 201 193 190 199 190 169 179 197
113 157 185 175 167 133 116 138 164 148 131 134 129 116 101 107 135 142 151 137 115 92 72 74 76 77 71 62 62 78 89 109 134 141 122 94 73 78 89 96 91 75 82 92 93 85 70 64 63 70 81 99 85 67 61 62 70 102 177 164 101 84 80 74 68 62 61 63 67 73 80 82 82 76 68 67 72 77 86 80 73 77 79 80 76 74 73 76 76 75 69 65 72 90 102 99 111 148 186 226 197 182 148 121 127 145 161 139 128 122 143 151 133 114 119 143 158 163 134 126 161 175 175 188 204 208 194 182
117 143 173 174 165 131 115 137 158 153 144 154 155 118 99 106 128 143 147 149 140 121 86 81 79 73 72 70 68 80 108 131 138 146 133 107 74 81 88 92 85 79 85 94 92 81 66 57 61 65 67 69 72 71 68 71 75 126 190 197 116 71 72 68 68 67 65 65 68 75 87 89 83 73 67 67 65 72 88 87 78 79 82 80 79 77 74 78 84 90 97 89 81 88 100 131 156 171 211 209 150 153 161 131 121 127 145 136 124 124 159 178 151 122 122 128 136 146 123 109 100 134 163 174 193 213 208 190
146 148 145 135 114 82 62 95 132 147 159 181 198 146 97 109 120 126 135 163 189 170 113 90 83 78 73 76 92 116 139 138 130 131 137 114 72 78 83 78 62 65 76 81 75 66 60 58 62 65 67 67 70 80 85 80 76 110 174 180 94 65 86 84 78 76 75 69 66 71 86 90 80 71 67 69 64 70 93 96 84 84 93 91 83 74 71 78 84 99 163 176 142 128 149 172 170 182 172 121 105 110 194 216 143 124 164 186 153 139 175 205 176 148 131 121 128 135 115 103 87 75 83 99 136 171 201 209
152 156 147 132 110 91 69 72 108 137 174 190 205 187 101 113 123 118 112 163 198 182 136 114 90 81 73 78 96 117 132 123 113 117 141 133 96 87 90 73 47 52 67 73 68 63 60 62 66 65 66 62 67 82 99 88 73 80 137 128 66 70 84 84 82 76 75 76 80 86 97 102 94 85 80 77 81 91 109 111 94 90 102 106 96 76 72 77 79 95 151 172 146 130 143 172 178 139 104 100 100 124 187 206 130 104 134 184 179 164 181 200 190 171 153 132 122 125 123 121 107 84 82 96 122 155 180 204
130 152 156 144 125 114 108 104 115 136 186 186 207 191 88 106 120 113 96 145 190 175 155 132 106 94 85 77 78 101 122 108 97 109 144 157 152 132 109 81 53 54 70 75 65 61 61 63 64 64 62 62 64 80 104 98 69 71 92 85 75 73 76 81 84 75 68 76 101 122 125 127 132 133 130 133 136 136 131 122 103 98 108 111 102 86 84 84 76 80 107 130 131 125 115 117 93 71 72 78 116 179 175 140 85 65 81 124 172 178 180 193 201 203 193 176 132 113 131 149 151 136 118 123 144 170 184 200
120 142 160 148 123 111 105 114 131 147 170 187 199 151 67 97 107 106 95 111 167 163 153 135 114 102 94 84 75 88 116 108 98 97 127 151 156 146 109 87 70 61 67 71 63 60 62 61 59 59 58 66 80 85 103 111 92 82 107 106 99 97 101 96 92 92 83 71 86 111 123 122 123 125 130 143 150 140 127 116 95 91 96 94 92 92 101 103 85 75 83 99 115 118 104 86 65 60 67 75 178 205 174 131 97 75 78 84 116 170 192 199 213 218 203 180 132 112 136 151 144 137 134 155 178 198 204 208
117 136 156 136 103 90 83 102 133 146 154 161 162 125 62 74 87 98 100 102 117 132 130 116 104 100 102 99 88 96 117 117 106 96 94 126 140 125 86 82 81 74 65 66 70 65 57 53 54 59 60 64 99 108 104 109 121 142 168 155 139 146 163 150 110 100 103 93 68 70 90 97 87 76 74 82 88 85 85 84 76 73 70 69 80 91 111 119 110 88 75 79 95 102 102 87 66 64 76 93 212 234 177 132 119 108 85 68 81 115 182 210 219 229 181 144 118 111 132 145 128 111 146 200 220 244 237 229
124 136 145 121 89 86 89 113 130 140 147 146 143 116 63 57 65 88 101 109 116 119 118 101 91 92 100 110 108 108 115 115 110 104 94 99 116 108 82 78 84 88 77 66 80 88 79 71 67 71 74 77 98 111 105 110 123 138 161 151 134 141 162 156 114 95 99 101 71 58 68 83 80 72 67 70 71 65 65 68 72 70 65 66 80 104 122 125 117 101 78 76 87 95 101 95 76 72 81 95 206 224 157 129 121 111 91 83 87 115 172 204 222 226 155 133 121 113 127 141 125 119 200 228 247 255 255 253
157 145 132 107 82 92 122 129 120 127 140 138 128 105 75 57 48 76 97 115 128 124 121 108 86 88 93 114 138 133 117 118 126 126 108 101 101 104 96 90 88 94 101 91 93 107 118 122 116 106 97 91 89 96 103 110 118 118 103 90 77 84 107 112 87 76 83 87 70 56 57 73 77 72 74 74 67 58 56 63 78 77 68 71 104 131 126 118 104 91 77 73 79 89 104 103 85 72 68 72 149 169 135 121 114 102 116 147 150 156 182 193 210 207 163 141 132 126 132 146 170 219 245 254 255 255 255 254
181 159 129 105 99 119 137 128 119 123 132 132 127 125 104 68 52 70 91 101 116 123 122 122 105 94 99 127 171 178 146 127 136 141 130 124 115 111 117 116 105 104 118 113 100 103 116 122 118 106 96 91 87 89 97 101 101 100 81 75 70 69 79 82 73 73 80 81 72 66 68 72 71 67 68 67 65 67 64 65 78 85 82 86 121 130 116 100 89 81 70 68 75 81 89 97 91 72 57 60 99 140 136 113 101 92 125 148 153 151 158 188 203 208 205 159 140 137 147 172 220 236 231 234 251 255 255 255
208 168 133 124 122 122 123 122 122 124 128 135 146 173 178 118 79 74 77 77 76 85 106 119 121 124 133 179 243 234 211 164 140 149 159 165 162 151 144 136 129 126 124 119 96 87 92 91 83 78 76 80 82 83 87 86 76 76 81 86 81 72 67 67 66 70 80 84 78 76 83 83 70 65 61 60 68 82 82 76 76 83 101 110 116 108 90 75 73 69 57 61 70 72 72 78 87 82 64 55 71 101 124 106 76 66 108 130 125 99 112 138 187 206 228 228 165 157 178 212 223 220 181 161 219 255 255 255
198 148 116 127 130 118 107 112 119 118 118 126 144 171 185 173 123 95 82 74 75 77 93 107 118 131 143 179 237 243 216 165 134 141 154 163 159 154 149 135 121 121 121 119 109 95 90 79 67 69 72 73 78 79 83 82 71 72 72 69 74 76 72 67 63 62 69 76 75 76 81 80 68 62 61 62 68 77 82 81 78 78 93 108 101 91 78 73 88 85 58 60 67 68 66 68 83 92 80 65 66 77 110 110 72 57 84 98 84 86 105 126 160 197 211 247 208 173 189 211 212 199 158 139 185 244 254 252
161 128 103 112 120 105 89 96 106 103 101 106 119 134 148 164 169 148 119 98 89 85 86 92 106 114 116 127 142 141 122 94 91 107 129 131 115 113 116 107 97 94 100 111 115 111 101 87 74 77 87 83 78 79 84 89 81 75 72 64 59 65 71 68 63 60 59 62 66 66 65 62 59 63 70 72 71 72 72 74 77 77 75 78 75 73 81 104 157 159 83 65 70 67 62 66 83 96 88 72 67 79 115 127 91 55 59 68 75 91 114 143 161 179 192 200 208 200 203 214 196 179 153 140 167 209 242 255
157 140 108 105 105 93 88 89 99 100 91 94 106 117 120 130 161 156 122 102 86 86 89 93 98 103 104 110 122 117 105 96 75 76 104 104 89 88 95 102 103 94 91 98 104 110 107 95 84 83 93 91 77 80 89 95 88 75 72 68 62 60 63 63 63 62 62 62 64 62 55 53 57 66 72 71 66 65 65 67 68 70 73 74 68 73 96 119 157 168 105 69 69 65 63 64 78 96 98 82 72 81 109 124 98 63 61 76 88 104 123 143 164 174 164 163 186 209 208 201 162 156 169 163 172 185 207 238
213 230 219 183 163 121 94 94 95 101 96 80 81 95 99 93 97 110 96 80 68 72 80 92 101 107 112 107 109 117 112 104 95 72 70 75 78 82 88 103 118 114 103 101 100 99 96 93 95 95 93 88 72 81 103 104 86 72 67 64 63 61 60 60 63 64 68 70 67 63 58 59 63 67 65 60 62 63 62 60 59 61 72 79 75 81 103 118 130 136 96 68 65 64 68 68 71 89 110 105 80 76 97 105 96 81 119 161 164 149 128 133 157 169 151 137 168 203 191 171 134 126 183 231 200 182 167 156
209 229 243 231 207 184 123 110 100 95 96 80 65 78 92 88 77 78 88 85 77 73 75 80 98 121 122 109 109 116 119 115 105 88 71 67 73 76 79 94 108 114 109 110 109 98 92 104 124 120 100 83 70 75 101 100 76 64 62 63 64 64 65 64 66 71 71 73 76 70 65 68 72 68 63 62 66 67 68 67 66 66 76 79 73 78 105 113 110 102 83 67 65 65 69 70 72 83 111 119 97 78 89 103 111 104 141 165 163 161 145 133 145 159 153 142 164 204 188 163 140 130 181 254 223 199 178 157
115 153 181 232 249 253 230 172 145 107 89 79 62 73 87 87 80 77 90 97 92 83 83 86 88 144 169 137 97 122 129 126 122 112 94 81 73 72 69 75 82 89 96 104 116 112 115 143 177 162 122 96 77 68 76 81 67 62 63 67 70 67 66 67 69 72 70 70 82 82 67 65 70 65 64 69 72 70 71 75 81 83 84 81 69 69 107 112 93 81 76 70 62 59 61 67 74 79 101 106 93 80 91 113 129 122 121 131 131 133 141 144 147 153 160 167 185 222 193 161 155 160 194 229 229 226 229 234
86 96 127 156 242 250 251 240 195 169 111 84 61 64 82 80 81 87 92 98 102 96 90 101 102 116 168 188 143 95 126 130 129 131 120 99 88 81 72 65 63 78 90 91 97 100 106 134 180 178 140 115 91 78 75 82 81 76 74 74 79 72 64 67 79 80 70 68 81 88 78 67 67 70 70 75 78 73 70 78 91 96 90 82 71 75 103 107 85 78 78 76 64 55 56 68 76 77 99 102 90 89 107 123 137 132 113 111 116 117 125 147 164 169 174 184 211 214 183 172 177 185 189 198 214 232 244 255
79 69 68 79 114 229 227 246 251 243 215 130 107 67 63 73 106 105 93 96 111 111 97 106 121 123 127 171 185 119 78 108 122 147 196 149 112 107 94 73 54 70 95 90 75 65 65 67 81 112 123 119 98 96 108 118 120 109 97 97 102 91 75 76 93 95 81 75 77 87 91 86 87 91 88 89 90 83 76 79 93 97 90 83 82 93 99 94 89 86 91 95 89 74 63 65 71 78 116 132 119 113 120 127 137 131 98 85 105 123 123 133 179 200 202 202 190 160 187 235 222 202 173 167 188 211 237 255
85 76 61 64 76 87 191 225 245 254 248 231 167 130 73 84 121 121 102 101 119 124 109 109 122 126 123 136 174 156 78 84 116 190 233 217 140 124 121 98 73 79 103 95 65 58 65 67 68 67 86 99 91 97 121 128 125 114 104 108 109 99 87 88 100 101 90 81 81 84 96 105 108 110 108 101 100 98 90 80 86 91 85 80 88 97 93 91 94 93 93 95 98 90 73 63 69 95 130 142 137 125 116 119 130 129 98 75 102 129 132 130 174 206 217 206 175 165 213 255 237 220 184 158 165 185 212 242
105 96 83 67 65 71 82 128 171 217 239 246 247 234 219 156 135 129 120 115 120 128 128 112 108 117 125 129 135 125 96 111 152 211 245 235 184 145 126 111 100 109 119 100 77 83 95 91 79 79 70 73 75 89 106 105 90 80 83 85 89 96 105 108 108 111 113 108 100 101 112 115 115 119 126 118 106 108 110 100 91 89 83 76 77 80 90 98 95 91 76 77 87 86 73 64 98 136 138 140 145 140 111 102 114 128 124 105 118 141 138 141 164 195 204 204 201 202 233 249 245 242 215 188 160 153 171 184
125 116 104 93 74 67 72 91 122 139 209 236 245 245 242 203 138 129 126 124 120 126 136 132 107 106 118 126 126 128 111 129 172 197 227 223 182 160 136 116 108 115 121 110 96 97 104 100 77 77 72 67 66 78 94 88 75 70 67 72 75 86 102 108 106 108 115 113 98 93 103 110 113 121 130 127 111 105 114 118 111 96 84 77 77 79 91 94 87 82 72 71 78 81 67 86 147 160 148 139 145 144 111 96 101 123 137 133 133 147 150 154 172 187 196 204 207 205 226 249 253 252 232 217 177 139 142 146
132 128 124 116 108 100 97 81 77 92 108 184 194 176 152 149 132 116 105 108 111 118 130 145 161 135 117 129 159 184 182 170 182 181 169 154 148 148 144 127 110 113 112 113 113 111 112 102 69 67 73 71 67 70 89 88 77 74 68 73 77 76 82 86 77 73 87 88 72 64 67 78 88 88 88 95 102 101 99 112 127 122 97 86 90 90 87 81 80 74 70 76 89 108 114 147 171 176 161 147 126 95 111 121 105 109 138 154 152 155 192 213 202 201 206 206 198 189 206 236 249 254 251 248 202 137 122 120
129 124 127 126 121 123 111 90 68 71 89 103 160 147 133 136 140 132 101 95 99 107 120 156 187 182 142 145 178 177 184 177 177 168 142 133 125 124 138 127 103 108 114 119 126 125 121 107 70 64 67 69 65 68 94 92 82 76 72 75 81 75 69 64 58 60 70 71 64 56 54 68 78 71 62 62 77 100 110 104 115 133 124 101 99 107 81 72 77 78 74 79 105 133 140 144 166 169 155 130 84 78 110 132 117 111 150 167 166 166 179 219 213 205 205 197 185 174 186 220 245 255 255 248 194 141 120 107
105 91 91 113 115 119 119 101 86 80 85 86 91 128 128 136 151 155 137 93 87 100 128 166 194 199 199 178 172 165 162 153 135 115 105 112 105 94 100 100 86 108 144 133 127 135 141 127 79 68 64 62 58 73 106 100 84 78 75 74 80 77 68 63 67 73 77 74 71 68 66 61 62 60 59 64 65 79 108 115 100 115 151 172 206 207 97 71 81 88 85 90 136 155 121 107 148 158 130 87 76 81 112 134 144 169 180 172 186 197 167 148 148 156 172 179 183 180 173 193 237 254 236 210 165 134 125 115
96 86 78 89 104 116 122 116 101 95 93 86 69 81 116 140 163 165 166 128 95 108 139 157 179 194 197 179 165 171 163 140 109 88 79 97 107 102 87 83 74 87 140 140 124 127 143 137 91 77 72 63 58 74 104 104 91 82 79 77 70 66 65 68 71 72 75 77 79 74 71 64 60 60 63 71 76 78 84 92 88 87 170 192 219 237 106 75 90 95 95 112 145 143 104 98 124 140 108 83 78 97 129 156 184 190 186 181 192 194 161 136 121 121 136 160 177 191 188 180 199 239 223 190 139 113 118 122
107 100 91 87 92 104 115 121 119 111 105 89 64 63 71 146 183 175 172 160 137 130 142 153 163 162 130 116 119 158 179 138 80 67 68 89 127 127 103 80 70 74 91 109 109 106 114 118 101 86 80 69 64 70 86 99 109 117 112 97 69 60 64 69 70 71 73 76 74 70 72 72 67 69 73 80 90 88 72 60 68 79 194 205 189 161 86 71 99 117 127 133 125 115 105 106 108 108 102 97 117 172 191 203 197 185 178 172 148 131 130 120 87 77 85 101 118 127 125 123 121 136 180 174 122 94 107 124
109 100 93 96 98 102 110 117 123 123 118 104 68 63 55 138 204 184 152 144 145 140 140 145 152 140 109 103 106 133 186 158 63 60 64 83 129 130 105 78 67 73 77 80 87 99 107 106 96 85 84 81 77 68 71 92 116 124 114 98 82 75 76 72 68 74 82 80 71 69 74 74 67 71 78 79 87 88 71 54 56 75 179 207 144 119 84 78 116 126 129 128 108 103 112 117 108 95 102 127 172 187 203 207 193 185 179 172 152 114 114 110 82 68 68 78 93 102 112 123 125 122 149 167 141 96 101 134
94 82 80 104 118 114 109 109 111 114 116 109 95 71 61 134 239 179 110 124 155 145 123 109 104 93 79 84 94 120 186 181 73 81 76 87 110 104 82 70 69 82 96 87 73 95 119 105 81 77 91 101 105 88 66 76 96 100 93 90 99 102 97 88 78 81 88 85 78 81 89 83 62 67 80 74 68 71 67 59 55 68 125 137 88 84 94 110 125 117 101 99 99 109 130 146 150 169 175 179 180 182 187 171 151 151 174 180 184 159 118 105 88 79 82 98 93 94 99 113 134 156 161 160 158 140 136 163
89 80 86 104 117 117 108 102 103 107 112 112 110 94 74 120 241 166 107 120 150 141 104 87 78 66 58 68 76 102 174 183 105 93 89 90 95 84 71 73 77 85 98 97 75 73 115 107 72 78 104 125 130 123 88 68 76 77 82 100 124 122 108 103 96 90 89 88 85 92 99 82 56 59 81 77 60 54 57 60 65 73 113 126 88 80 107 122 122 113 92 86 102 129 158 170 188 202 191 187 183 178 176 169 151 139 162 190 204 203 153 122 109 97 104 124 112 93 97 118 158 171 165 155 161 164 178 192
102 102 117 113 95 82 77 91 106 109 109 118 121 108 93 93 113 142 133 123 116 96 71 64 63 61 58 65 71 87 126 169 154 95 90 86 79 75 74 79 85 87 89 97 89 75 87 94 80 95 125 146 156 155 143 146 173 173 155 159 180 183 160 131 106 93 79 75 81 86 81 60 50 59 77 79 65 54 52 62 76 85 126 161 156 143 142 126 117 118 122 128 148 171 173 177 193 200 183 162 149 147 164 177 178 176 191 213 233 230 169 153 150 134 120 119 135 159 153 157 164 166 162 157 162 173 202 235
110 133 140 125 96 70 59 82 105 109 107 119 129 126 112 93 79 103 144 133 105 84 65 60 59 62 61 63 73 85 105 138 168 165 106 84 76 80 83 81 84 88 91 97 95 92 90 93 99 106 122 137 149 152 153 171 196 197 180 171 185 193 182 164 135 100 72 64 76 75 59 51 50 58 68 72 67 59 60 70 83 104 152 172 171 156 146 131 119 124 144 162 174 179 176 174 184 188 160 148 140 135 153 168 177 189 200 220 237 249 202 165 169 156 135 119 166 194 175 166 165 161 155 154 158 164 207 255
111 193 212 152 118 94 80 96 111 117 113 112 113 120 115 111 115 116 138 159 157 133 109 101 94 83 72 63 70 79 81 112 165 190 201 131 108 106 103 92 85 91 99 104 101 105 111 117 123 112 105 102 97 89 83 100 128 135 129 122 119 115 121 143 161 142 99 83 81 78 61 54 52 59 64 64 65 66 80 91 109 137 159 164 138 112 115 126 144 165 171 174 181 182 164 147 154 151 144 146 139 134 148 158 162 163 175 183 190 212 240 227 190 166 150 136 193 204 170 157 162 162 142 123 110 107 186 255
125 167 240 206 135 113 101 110 125 133 136 126 105 100 107 132 143 137 131 143 163 156 134 125 123 113 92 81 85 73 66 99 171 188 203 184 135 129 121 107 93 94 107 108 97 101 110 119 126 112 84 73 67 67 66 68 79 91 97 94 90 93 96 101 140 154 121 101 89 87 75 63 62 59 67 66 64 72 92 108 137 151 155 147 115 103 104 118 154 179 178 168 176 185 149 128 121 126 132 140 134 133 145 161 159 151 162 174 175 189 223 247 216 186 159 137 155 212 190 154 153 160 143 116 94 72 146 248
138 137 145 158 134 112 104 124 167 182 189 191 188 159 137 132 135 135 124 116 119 128 123 119 122 129 138 159 192 216 220 205 205 189 186 179 146 133 129 117 102 99 103 96 75 77 83 87 88 79 64 62 69 76 81 81 80 80 86 91 95 103 114 113 94 119 124 108 87 83 78 72 87 86 74 77 84 99 110 120 147 160 155 144 125 120 129 141 148 149 149 130 131 146 144 128 101 93 98 108 118 127 134 146 156 155 154 160 165 180 191 190 161 139 141 136 113 110 126 129 131 140 150 138 101 75 119 227
142 135 123 121 125 116 104 135 179 185 190 197 202 181 152 131 122 122 115 110 108 105 103 109 117 134 150 164 200 223 245 238 226 206 188 178 156 141 137 136 122 110 104 96 77 66 73 77 76 69 66 65 68 73 81 83 80 71 70 78 91 106 120 124 99 98 119 108 90 85 79 85 105 111 95 84 100 114 116 125 148 154 145 133 116 116 131 142 138 130 122 117 124 138 148 142 116 99 100 103 107 117 118 125 141 155 151 150 157 175 171 153 123 118 127 145 129 103 106 109 111 121 140 145 119 82 114 200
134 134 130 124 122 130 140 142 143 128 102 114 142 149 147 129 106 101 102 106 109 100 92 97 105 118 131 127 108 103 117 130 148 195 200 195 184 176 170 167 171 150 133 136 143 128 106 98 98 95 90 93 89 73 69 73 75 70 63 66 77 97 118 128 120 114 115 105 103 113 118 114 117 120 125 131 130 127 129 137 140 136 123 103 89 89 101 118 121 116 114 119 136 152 155 141 125 124 133 138 119 111 105 109 118 132 140 138 130 116 98 97 95 101 111 127 164 149 126 115 99 91 115 132 130 110 131 173
122 131 137 140 140 143 153 145 122 92 76 89 107 116 126 126 105 87 87 93 108 99 87 90 97 106 114 106 90 87 86 82 91 103 176 207 206 198 186 182 183 158 136 142 153 154 140 126 122 119 113 111 107 89 67 74 85 84 75 69 71 88 117 133 144 143 123 108 105 111 117 120 120 117 126 136 131 124 134 149 143 135 126 104 86 85 99 112 112 109 101 102 133 162 161 141 118 129 152 151 121 112 104 99 109 117 119 120 102 84 69 73 90 96 98 100 145 168 159 140 108 81 99 119 126 133 152 168
109 118 126 144 158 163 171 161 139 122 111 112 106 99 102 115 114 92 82 81 87 90 95 99 102 105 97 81 73 75 76 69 68 77 86 135 151 155 149 141 133 111 96 105 122 133 127 122 124 129 129 131 130 132 142 144 139 137 131 120 113 117 135 153 160 151 131 119 118 112 109 112 118 117 113 113 107 110 114 131 155 151 135 131 154 176 172 154 130 113 83 76 99 144 153 141 91 94 136 142 102 86 112 117 121 132 131 120 92 72 71 76 84 89 85 85 107 141 153 150 145 132 126 131 146 167 178 180
113 110 108 125 163 174 177 168 161 152 148 146 127 106 97 105 120 115 85 74 77 79 100 108 109 102 84 72 68 70 72 71 62 62 72 92 113 105 101 109 114 111 97 92 94 95 99 102 106 122 133 135 136 141 153 162 160 150 137 131 133 146 155 157 162 150 131 123 127 126 114 113 125 125 106 98 101 108 109 119 148 162 158 154 179 194 189 182 155 132 96 79 94 114 133 151 110 79 118 141 115 75 102 139 139 147 145 118 82 69 79 82 85 99 91 73 94 115 125 137 153 163 153 150 163 179 190 196
137 112 91 91 109 117 112 151 162 162 164 166 164 147 135 135 137 133 105 76 79 84 95 105 108 99 86 79 77 76 75 75 71 66 69 83 104 90 81 87 99 115 129 120 103 89 76 75 75 82 91 91 98 104 111 115 112 119 124 124 123 127 140 144 150 142 126 121 125 135 129 133 148 145 120 108 119 137 143 137 130 136 144 144 149 157 164 169 167 158 167 144 120 117 128 152 174 143 125 138 154 143 115 136 144 138 125 105 97 92 105 117 134 183 200 183 144 123 112 117 140 160 172 178 179 181 195 216
151 130 93 85 90 78 72 106 148 170 174 174 173 166 155 152 152 143 120 104 90 84 88 95 99 96 88 83 85 86 86 85 82 78 80 89 104 98 81 71 83 109 136 142 124 101 74 59 69 62 58 59 66 77 84 86 85 93 110 120 118 115 118 117 122 128 121 114 118 129 132 143 156 149 126 118 134 152 156 147 128 127 132 131 131 139 148 154 157 158 167 167 142 126 135 148 171 185 162 147 162 177 148 132 147 138 114 102 103 108 121 139 167 198 207 209 183 153 127 107 122 152 182 200 191 189 211 229
147 140 129 135 151 95 82 88 95 89 89 110 135 145 138 137 140 142 132 139 164 142 107 89 93 98 95 92 96 105 111 112 105 94 92 101 112 126 137 145 139 116 109 118 129 145 147 121 107 69 56 61 70 71 71 73 73 74 76 83 86 79 76 73 81 104 124 115 107 104 102 122 136 126 112 114 133 143 139 138 144 149 141 130 125 132 141 148 142 136 141 152 150 139 146 154 154 168 185 175 170 174 168 153 156 153 142 149 176 170 150 156 170 186 179 158 172 172 160 141 132 140 188 232 226 232 233 209
146 146 152 173 187 152 100 95 93 83 67 84 104 108 108 111 120 128 138 151 167 152 136 125 99 104 106 104 106 112 120 125 120 110 103 107 119 144 164 164 156 135 113 110 119 141 160 148 133 103 66 66 72 76 66 62 64 65 64 63 61 61 64 66 71 80 109 121 107 88 76 87 111 113 112 117 130 134 128 135 155 162 144 126 119 123 135 143 136 117 112 124 136 146 153 152 139 141 173 187 171 159 165 170 165 153 146 158 203 226 188 155 162 164 132 117 152 181 176 166 151 145 195 248 254 252 207 181
162 166 170 170 167 160 145 116 102 93 74 95 117 103 89 91 90 95 93 110 123 123 129 154 177 148 124 117 120 118 119 129 134 127 118 114 116 139 158 143 124 131 134 127 121 126 134 137 140 133 123 141 160 158 137 93 74 75 70 65 63 74 101 109 89 79 79 91 94 81 66 71 101 121 127 129 132 130 125 135 149 146 124 106 95 92 96 98 93 88 92 98 110 125 136 133 119 113 129 147 143 132 139 144 131 119 128 129 127 143 146 126 126 123 123 170 215 228 224 219 217 216 231 248 244 201 175 173
175 169 167 161 149 153 165 155 118 100 79 101 139 131 81 78 86 85 86 95 107 108 115 142 181 174 145 133 135 137 125 125 136 135 127 120 117 125 152 146 123 122 140 144 133 121 123 134 144 151 158 163 172 166 158 147 109 78 73 70 76 99 129 127 100 77 65 68 78 79 70 63 79 109 122 124 126 127 124 127 134 134 118 103 93 85 84 78 71 71 77 86 93 104 116 115 106 105 107 114 125 124 129 136 123 108 115 121 95 85 93 104 109 120 209 239 249 255 255 248 240 241 248 248 204 169 162 163
146 133 132 149 165 188 215 206 180 143 122 122 153 163 143 135 148 115 110 123 130 117 114 122 136 149 141 134 134 152 153 139 138 136 126 123 123 123 133 149 145 137 150 160 150 140 153 164 169 167 171 168 169 163 149 153 158 135 119 121 131 131 122 116 95 75 64 63 70 75 76 70 66 74 92 97 103 117 126 124 121 127 133 136 132 119 107 102 99 100 101 99 101 104 122 127 111 107 104 104 128 136 157 180 168 163 194 207 176 132 118 132 151 219 248 239 245 253 229 186 155 130 125 142 157 158 153 151
132 120 119 153 191 228 252 231 205 181 157 149 155 162 160 163 169 143 131 138 137 120 111 111 106 105 120 122 119 133 162 158 146 141 129 125 129 127 119 133 156 164 161 158 151 153 172 185 194 182 172 168 165 154 142 149 162 156 139 140 158 153 126 113 100 86 73 63 60 64 73 73 66 64 71 82 91 114 137 136 124 131 151 161 159 149 135 122 115 114 118 120 113 110 130 147 132 107 90 92 126 158 186 196 184 173 189 216 211 193 176 176 223 254 242 232 246 247 190 157 133 109 103 105 111 140 150 151
172 158 161 172 183 204 222 224 218 210 201 197 186 163 150 143 138 117 101 103 92 80 84 88 85 78 77 84 87 92 109 131 139 151 152 141 136 134 123 126 150 158 124 106 111 123 150 176 189 183 166 153 141 140 147 163 168 159 147 148 165 163 140 127 135 137 125 112 111 119 132 155 169 158 141 126 121 136 152 157 152 160 179 190 192 189 182 171 166 175 179 175 164 151 167 194 193 172 159 153 172 200 193 182 179 167 155 161 192 201 208 226 242 244 229 196 177 160 143 134 118 105 105 107 95 99 150 163
180 172 173 176 176 184 201 207 214 220 221 220 217 194 162 139 117 94 76 70 63 56 55 62 66 63 59 58 68 73 77 88 107 132 163 163 147 138 129 132 154 155 103 99 110 115 131 153 172 168 148 139 127 125 145 158 150 141 141 147 156 151 144 142 153 162 158 151 150 154 164 173 184 193 186 172 157 155 161 169 174 189 203 214 225 221 219 225 234 240 222 205 201 203 215 234 246 245 241 241 241 234 202 178 173 165 147 140 175 203 232 254 245 238 174 149 150 148 139 132 117 101 99 101 91 77 128 183
146 144 149 159 159 163 179 190 191 199 205 217 224 210 198 206 177 137 126 103 90 89 85 76 66 60 59 59 65 65 62 64 73 87 104 112 118 132 141 151 165 159 137 125 127 127 131 137 144 135 121 122 123 117 99 90 92 96 103 108 110 115 120 126 138 148 151 143 145 154 165 165 163 176 186 186 186 184 188 193 200 205 219 227 232 231 224 219 225 238 227 212 187 154 141 155 190 187 169 144 137 167 206 201 201 204 195 195 213 227 240 230 224 159 132 140 149 152 150 145 141 134 136 139 128 124 154 183
132 130 126 130 138 143 158 179 189 188 194 215 238 222 207 217 248 220 167 147 123 117 110 85 65 58 63 71 72 69 60 58 66 72 77 85 99 120 156 170 172 164 159 151 148 148 143 135 133 126 110 107 116 120 90 67 67 74 87 98 97 96 105 113 127 138 148 147 149 160 167 166 161 165 188 201 204 202 207 208 208 214 230 245 245 237 236 244 251 248 233 209 179 152 135 142 165 166 154 142 139 155 192 217 236 255 255 253 254 252 232 225 151 120 130 134 142 152 156 151 148 148 150 158 158 152 156 165
160 158 146 129 124 139 153 147 129 135 159 192 226 234 228 220 218 234 240 217 184 151 148 159 151 114 90 93 103 107 106 96 87 88 90 96 102 117 155 162 137 129 147 151 150 156 156 144 137 141 132 117 114 128 141 123 107 107 111 115 116 118 127 138 151 160 167 166 161 173 183 182 176 178 197 197 178 170 181 187 182 176 185 200 203 188 175 180 187 177 171 174 174 179 195 193 170 161 148 146 153 169 196 217 232 243 239 238 229 186 158 115 99 115 129 130 121 125 137 133 124 119 125 135 131 110 109 124
182 177 172 149 127 147 169 138 110 119 132 162 203 225 246 249 239 236 248 248 244 214 168 169 176 166 130 118 125 132 135 129 111 106 102 101 107 121 149 150 122 115 134 148 154 159 161 155 150 149 149 139 123 135 163 160 149 139 134 133 141 152 161 170 182 192 190 179 168 175 192 195 186 181 195 191 163 152 172 181 167 160 160 160 162 159 154 145 141 140 140 146 173 215 243 255 211 173 154 148 161 180 204 223 237 246 245 229 179 141 103 85 103 107 118 126 110 105 121 126 116 106 112 120 108 84 87 100
180 174 167 156 147 163 176 153 128 128 133 147 168 175 174 174 160 142 151 219 247 223 194 175 176 171 157 146 156 162 163 161 147 137 131 137 156 147 140 150 157 151 155 164 164 158 153 153 156 159 171 169 159 160 180 175 169 169 174 174 165 172 174 172 175 179 178 173 167 165 173 175 166 161 160 157 145 133 128 115 99 95 105 111 109 106 104 96 89 97 126 142 179 243 235 238 247 226 209 206 210 220 234 240 243 248 232 200 160 105 84 83 104 113 100 92 78 77 98 111 110 106 110 115 108 93 96 100
189 172 153 148 160 171 175 157 140 133 131 144 155 159 150 141 138 137 131 157 246 218 194 185 183 183 174 172 181 187 183 172 161 157 152 160 182 168 142 152 176 183 187 194 192 178 155 148 155 174 198 196 184 180 191 189 184 189 209 213 183 175 175 177 175 177 179 181 176 169 167 165 155 142 137 139 137 134 125 106 90 82 77 71 67 70 71 64 60 71 120 155 223 250 220 219 236 249 251 251 255 255 255 250 254 249 207 180 115 80 81 89 113 123 97 72 61 64 78 94 102 106 111 112 111 112 113 108
147 125 107 114 135 149 155 147 139 135 134 142 151 166 169 150 144 152 153 164 201 188 168 181 187 195 197 198 210 194 150 140 144 141 133 137 159 159 146 145 159 162 168 190 195 195 189 178 181 197 222 221 212 207 217 215 202 200 208 204 189 165 131 130 140 146 146 156 178 167 145 136 134 131 132 136 137 140 136 122 114 109 105 113 125 104 89 84 79 85 141 216 242 234 227 219 215 229 247 253 250 249 229 190 162 133 123 116 86 86 97 110 115 111 94 73 66 65 72 86 88 91 101 109 119 131 128 119
117 102 93 104 118 126 136 143 141 138 139 143 145 165 182 176 156 162 175 185 186 166 154 166 186 200 207 207 225 183 118 125 142 143 131 132 142 147 142 137 142 141 142 158 201 218 218 214 203 197 225 234 226 231 234 231 220 213 208 203 199 181 126 112 124 135 134 138 162 176 150 126 128 134 135 136 141 148 149 137 129 126 128 144 163 165 136 112 106 119 206 242 228 233 238 233 214 210 235 255 255 245 159 130 100 74 75 83 92 97 110 115 104 91 81 70 67 66 70 81 85 79 87 106 125 132 125 117
129 132 126 121 122 125 131 150 164 150 143 143 136 140 154 173 198 176 162 185 194 177 176 186 200 198 182 181 191 164 125 136 171 180 158 144 145 141 130 128 130 132 133 130 127 128 144 157 151 132 133 184 177 193 217 228 238 229 205 209 216 204 172 141 150 173 174 150 143 167 184 149 133 136 137 143 197 205 192 159 132 125 128 142 157 163 169 163 165 193 232 238 237 247 248 248 243 230 232 238 231 131 111 112 100 93 114 149 166 152 120 105 88 77 72 67 88 134 150 156 162 156 136 129 122 112 108 109
135 156 165 153 131 123 128 148 185 176 156 149 135 126 126 155 218 154 130 148 196 205 202 209 215 193 160 155 160 151 139 153 190 188 175 158 151 143 129 128 129 130 133 124 101 96 103 120 128 119 105 129 151 158 197 222 249 246 207 206 222 213 197 195 198 208 213 203 147 135 175 193 154 140 137 135 211 245 208 195 151 122 120 131 147 159 173 183 215 237 245 246 247 255 255 255 255 249 226 212 154 106 102 97 100 112 150 182 198 192 150 111 84 75 74 74 145 191 215 252 240 234 184 142 118 102 105 112
93 113 135 141 133 127 132 142 162 178 176 174 161 142 137 154 168 134 127 128 144 163 169 171 172 165 151 144 145 147 142 149 167 177 168 157 148 143 138 141 143 139 134 129 121 108 90 101 126 124 106 108 178 177 214 233 246 242 198 172 164 195 207 209 225 233 238 223 170 124 109 162 179 146 127 117 138 214 213 195 175 138 105 107 119 131 139 140 164 207 239 251 251 253 251 239 234 226 206 186 148 126 114 109 113 123 140 158 165 172 160 137 100 87 89 116 174 180 189 197 194 163 125 122 123 116 111 113
79 90 102 112 119 126 134 135 134 155 185 189 192 178 163 146 135 131 132 130 130 140 155 156 154 151 143 136 141 151 154 151 149 151 150 148 146 144 143 147 147 143 139 139 140 126 95 101 123 125 106 93 199 234 250 255 255 234 175 147 129 133 192 223 245 255 255 239 184 150 103 101 162 165 126 113 121 136 185 197 176 148 96 83 90 103 112 116 130 148 205 253 243 255 248 227 219 215 192 173 163 151 131 122 123 128 143 152 145 145 154 149 119 99 113 147 166 179 171 154 111 73 82 98 124 131 123 118
98 109 115 117 117 116 121 128 131 138 133 137 140 157 153 143 138 140 149 154 152 154 163 164 157 141 122 120 162 189 194 187 180 170 168 168 168 157 142 136 132 132 136 139 139 130 130 133 128 126 115 98 107 157 175 164 139 143 149 142 126 119 137 176 204 223 231 235 219 199 185 167 182 182 159 131 126 118 109 113 112 107 91 88 84 90 117 120 113 111 111 170 218 220 236 229 224 220 205 198 196 185 156 144 138 137 174 204 155 139 131 138 132 127 152 174 174 171 139 101 87 97 104 104 124 134 130 128
111 120 125 131 131 116 105 118 130 124 101 103 108 121 139 142 144 149 163 179 181 178 174 167 152 125 103 133 220 225 237 246 246 232 206 193 195 174 139 124 116 120 137 141 127 128 151 154 134 126 123 111 104 120 141 136 102 98 111 122 122 118 122 134 167 185 193 207 221 227 234 226 208 192 183 175 145 124 106 89 82 89 100 100 86 80 129 142 117 93 93 96 160 188 212 231 238 238 233 228 218 211 185 164 155 155 219 255 206 143 127 121 135 153 188 201 184 167 113 79 86 91 102 103 119 128 131 136
103 106 105 106 116 106 86 86 92 85 76 83 91 93 96 107 118 131 145 153 157 158 156 147 128 117 120 175 207 187 196 210 214 204 185 178 179 164 129 120 117 124 160 165 140 128 127 126 123 120 114 114 126 131 134 131 101 89 84 87 91 110 135 141 156 161 156 152 151 164 184 201 202 197 192 189 184 163 145 132 121 128 137 130 112 99 140 173 189 115 87 95 129 159 150 173 215 215 191 185 196 209 215 198 182 200 238 255 252 184 145 140 154 180 211 216 190 165 155 162 154 125 96 84 104 123 127 137
100 107 103 93 83 75 59 64 63 59 62 83 96 86 78 78 88 104 122 127 122 112 108 107 109 123 141 178 195 183 179 188 194 180 162 154 151 141 125 125 131 154 186 181 161 135 100 97 104 106 105 119 146 145 132 123 110 90 75 67 63 78 137 148 151 150 120 115 118 127 139 160 192 205 206 205 202 195 185 173 161 161 158 150 137 131 155 177 222 236 131 105 134 153 128 124 174 207 173 155 166 190 218 236 233 233 241 249 250 252 211 188 191 202 218 232 192 165 184 208 195 174 130 78 91 120 129 138
95 107 111 103 94 90 90 93 89 83 87 106 115 101 93 93 97 106 113 114 113 113 121 118 119 116 129 143 137 134 143 162 181 175 160 158 162 161 167 168 181 206 212 198 186 175 147 139 143 144 142 146 154 149 139 135 139 135 124 95 81 87 122 143 150 161 104 87 106 119 129 144 170 193 203 211 220 211 200 180 154 152 148 144 151 156 166 172 188 211 226 188 174 157 132 124 155 206 213 184 163 174 200 216 215 216 222 223 217 220 228 221 219 215 207 234 188 139 133 120 116 138 150 144 142 139 134 137
95 105 114 110 98 97 112 118 114 111 108 113 117 104 97 99 105 110 113 106 97 109 125 123 120 115 115 107 99 105 116 134 161 175 167 163 182 200 212 227 223 218 220 209 199 214 230 234 229 233 242 223 178 155 142 145 160 168 164 146 112 103 119 150 165 158 90 71 103 113 113 122 156 175 200 215 232 236 212 184 147 133 135 139 157 171 176 174 172 186 213 220 188 165 142 132 166 201 227 233 193 174 183 199 200 196 198 197 199 203 230 249 237 231 231 238 168 117 99 80 75 81 125 168 175 177 157 138
96 86 81 79 78 81 89 88 88 90 91 96 100 91 81 79 82 89 91 84 80 93 111 123 134 134 124 112 102 103 106 112 125 135 124 121 139 165 176 179 170 167 184 209 228 237 236 229 214 205 204 214 215 198 179 182 201 205 199 194 172 151 169 183 161 142 125 87 91 105 98 93 109 128 141 188 216 211 198 190 171 167 175 157 154 168 175 172 166 171 177 176 153 152 150 150 192 217 226 232 221 191 172 180 181 181 194 208 217 220 227 218 194 182 174 162 153 131 110 99 99 100 113 139 161 173 186 187
100 77 51 50 56 56 56 59 59 60 68 75 82 79 69 62 59 61 64 71 80 87 98 120 145 156 148 132 113 106 103 101 96 80 67 75 78 93 119 126 132 146 163 198 247 255 255 248 235 222 223 231 250 245 216 218 238 242 230 229 248 255 255 239 166 143 143 129 93 91 87 79 83 96 104 111 170 186 176 175 178 193 216 218 172 153 155 156 160 159 148 141 138 138 153 172 215 232 233 229 222 210 175 167 160 158 190 222 240 247 225 198 181 165 147 143 155 150 121 110 124 136 130 124 135 158 196 235
92 80 77 89 88 60 49 59 68 68 67 71 74 72 66 61 61 70 80 84 79 79 91 109 134 156 162 156 139 120 110 97 81 70 79 87 80 78 92 110 112 138 177 201 230 237 189 130 112 124 150 173 180 181 186 200 212 209 192 192 217 240 235 249 229 183 181 189 187 150 134 110 92 98 103 95 96 153 167 159 156 152 158 190 192 169 143 129 114 115 140 153 158 159 175 194 211 220 222 216 206 199 179 166 163 163 185 209 220 224 215 197 187 178 154 148 171 191 173 153 159 167 167 164 163 165 173 178
82 89 109 118 120 94 53 59 67 68 66 68 70 66 62 63 69 83 89 85 78 75 80 93 107 134 162 163 155 144 129 105 70 72 85 85 73 70 84 99 105 121 195 205 210 181 88 79 90 101 124 136 139 144 153 168 190 176 155 161 178 198 240 255 255 252 250 251 254 242 182 150 121 97 94 92 91 96 131 148 148 134 115 123 174 181 149 119 99 104 135 155 173 189 208 219 212 206 204 201 191 181 169 163 174 184 188 192 200 207 206 203 197 197 171 157 197 237 226 214 211 213 213 208 195 176 160 150
85 103 117 123 129 127 96 70 73 68 62 61 64 65 65 66 68 73 77 79 77 71 70 71 77 94 124 151 149 143 139 120 86 85 92 88 78 90 127 129 117 113 156 176 165 126 94 100 106 114 121 125 127 129 131 137 153 162 151 154 161 167 173 209 227 222 217 217 224 242 239 202 179 168 153 140 129 108 91 101 111 111 110 114 130 156 142 128 122 124 140 147 141 181 209 218 224 212 196 179 149 125 129 147 179 204 207 207 207 206 199 196 198 206 206 200 214 210 192 192 199 201 203 205 187 167 159 157
97 111 122 132 139 139 133 106 84 76 68 60 59 67 72 69 68 68 68 75 77 68 64 65 61 70 92 112 136 140 143 132 107 101 100 93 89 119 158 149 127 117 133 136 131 122 112 114 118 122 122 118 115 111 109 113 117 129 150 150 146 151 153 170 203 209 205 205 210 219 240 253 254 254 255 242 197 162 97 77 80 89 101 107 112 121 133 132 130 129 137 142 131 132 196 226 232 227 186 146 106 84 98 126 170 202 218 228 224 209 193 187 191 204 224 234 216 196 181 181 190 197 201 202 171 154 157 166
