2.824474573135375977e-01
2.662530541419982910e-01
2.463735193014144897e-01
2.321390062570571899e-01
2.177353799343109131e-01
2.000725865364074707e-01
1.887520849704742432e-01
1.811132580041885376e-01
1.759142875671386719e-01
1.753195077180862427e-01
1.751866936683654785e-01
1.731012761592864990e-01
1.709463596343994141e-01
1.693634986877441406e-01
1.678374111652374268e-01
1.670809388160705566e-01
1.667937636375427246e-01
1.657891273498535156e-01
1.645043045282363892e-01
1.636862754821777344e-01
1.629998832941055298e-01
1.622013449668884277e-01
1.615632474422454834e-01
1.610070765018463135e-01
1.603280901908874512e-01
1.597505807876586914e-01
1.593772768974304199e-01
1.589400172233581543e-01
1.583934873342514038e-01
1.579144746065139771e-01
1.574746966361999512e-01
1.570039391517639160e-01
1.565983891487121582e-01
1.562741696834564209e-01
1.559164226055145264e-01
1.555379629135131836e-01
1.552207022905349731e-01
1.549144238233566284e-01
1.545794904232025146e-01
1.542767286300659180e-01
1.539939790964126587e-01
1.536816954612731934e-01
1.533797681331634521e-01
1.531037390232086182e-01
1.528167724609375000e-01
1.525435447692871094e-01
1.523036658763885498e-01
1.520529389381408691e-01
1.517921090126037598e-01
1.515473425388336182e-01
1.513004601001739502e-01
1.510574817657470703e-01
1.508330106735229492e-01
1.506010890007019043e-01
1.503643840551376343e-01
1.501418203115463257e-01
1.499199718236923218e-01
1.496994942426681519e-01
1.494836807250976562e-01
1.492606848478317261e-01
1.490423083305358887e-01
1.488329917192459106e-01
1.486206650733947754e-01
1.484109312295913696e-01
1.482027471065521240e-01
1.479928344488143921e-01
1.477878987789154053e-01
1.475826650857925415e-01
1.473773866891860962e-01
1.471748054027557373e-01
1.469690203666687012e-01
1.467645913362503052e-01
1.465625315904617310e-01
1.463599205017089844e-01
1.461580246686935425e-01
1.459542214870452881e-01
1.457513570785522461e-01
1.455496102571487427e-01
1.453462690114974976e-01
1.451437324285507202e-01
1.449404954910278320e-01
1.447371840476989746e-01
1.445337831974029541e-01
1.443297863006591797e-01
1.441262811422348022e-01
1.439213901758193970e-01
1.437163352966308594e-01
1.435111165046691895e-01
1.433054804801940918e-01
1.430992484092712402e-01
1.428920030593872070e-01
1.426848769187927246e-01
1.424769461154937744e-01
1.422683894634246826e-01
1.420589983463287354e-01
1.418492197990417480e-01
1.416386365890502930e-01
1.414269208908081055e-01
1.412145942449569702e-01
1.410015523433685303e-01
1.407876461744308472e-01
1.405725479125976562e-01
1.403568238019943237e-01
1.401399672031402588e-01
1.399220824241638184e-01
1.397030353546142578e-01
1.394829154014587402e-01
1.392614841461181641e-01
1.390388309955596924e-01
1.388147175312042236e-01
1.385892331600189209e-01
1.383621096611022949e-01
1.381332725286483765e-01
1.379026174545288086e-01
1.376700699329376221e-01
1.374354660511016846e-01
1.371987760066986084e-01
1.369599252939224243e-01
1.367188990116119385e-01
1.364756524562835693e-01
1.362302005290985107e-01
1.359824687242507935e-01
1.357325166463851929e-01
1.354802846908569336e-01
1.352257877588272095e-01
1.349690854549407959e-01
1.347101628780364990e-01
1.344491243362426758e-01
1.341859698295593262e-01
1.339207738637924194e-01
1.336535364389419556e-01
1.333843022584915161e-01
1.331130564212799072e-01
1.328398287296295166e-01
1.325646191835403442e-01
1.322873681783676147e-01
1.320080757141113281e-01
1.317266821861267090e-01
1.314431726932525635e-01
1.311575472354888916e-01
1.308698058128356934e-01
1.305799931287765503e-01
1.302881538867950439e-01
1.299942731857299805e-01
1.296984553337097168e-01
1.294007003307342529e-01
1.291010081768035889e-01
1.287994384765625000e-01
1.284958869218826294e-01
1.281903982162475586e-01
1.278829276561737061e-01
1.275735050439834595e-01
1.272621452808380127e-01
1.269488930702209473e-01
1.266337782144546509e-01
1.263168305158615112e-01
1.259980052709579468e-01
1.256772279739379883e-01
1.253543794155120850e-01
1.250293403863906860e-01
1.247019171714782715e-01
1.243719384074211121e-01
1.240392029285430908e-01
1.237035244703292847e-01
1.233647242188453674e-01
1.230226755142211914e-01
1.226772218942642212e-01
1.223283186554908752e-01
1.219759210944175720e-01
1.216200590133666992e-01
1.212608441710472107e-01
1.208988502621650696e-01
1.205369234085083008e-01
1.201917007565498352e-01
1.199566423892974854e-01
1.202632486820220947e-01
1.210980564355850220e-01
1.216321289539337158e-01
1.198561489582061768e-01
1.184177696704864502e-01
1.193647906184196472e-01
1.180922836065292358e-01
1.176714003086090088e-01
1.177175492048263550e-01
1.167689785361289978e-01
1.167480796575546265e-01
1.162604242563247681e-01
1.157625764608383179e-01
1.156465262174606323e-01
1.149796396493911743e-01
1.148558408021926880e-01
1.143352091312408447e-01
1.140082627534866333e-01
1.136928126215934753e-01
1.132230609655380249e-01
1.129835247993469238e-01
1.125311702489852905e-01
1.122078523039817810e-01
1.118670329451560974e-01
1.114534586668014526e-01
1.111581251025199890e-01
1.107523068785667419e-01
1.104182004928588867e-01
1.100641489028930664e-01
1.096848249435424805e-01
1.093482524156570435e-01
1.089771687984466553e-01
1.086160838603973389e-01
1.082638427615165710e-01
1.078944131731987000e-01
1.075335890054702759e-01
1.071822121739387512e-01
1.068173199892044067e-01
1.064460873603820801e-01
1.060880571603775024e-01
1.057324856519699097e-01
1.053702309727668762e-01
1.050078719854354858e-01
1.046481281518936157e-01
1.042926758527755737e-01
1.039283275604248047e-01
1.035670861601829529e-01
1.032110899686813354e-01
1.028671413660049438e-01
1.025409251451492310e-01
1.022540777921676636e-01
1.020021438598632812e-01
1.016390323638916016e-01
1.012091487646102905e-01
1.008998304605484009e-01
1.005716919898986816e-01
1.002018153667449951e-01
9.994456171989440918e-02
9.956605732440948486e-02
9.917749464511871338e-02
9.886729717254638672e-02
9.846712648868560791e-02
9.813964366912841797e-02
9.776896238327026367e-02
9.740927815437316895e-02
9.713608771562576294e-02
9.686253964900970459e-02
9.649924933910369873e-02
9.614939242601394653e-02
9.586657583713531494e-02
9.551030397415161133e-02
9.519217163324356079e-02
9.494467824697494507e-02
9.467756003141403198e-02
9.437016397714614868e-02
9.402918815612792969e-02
9.360951185226440430e-02
9.326842427253723145e-02
9.297376871109008789e-02
9.260880947113037109e-02
9.227387607097625732e-02
9.195648133754730225e-02
9.161871671676635742e-02
9.128254652023315430e-02
9.093208611011505127e-02
9.060913324356079102e-02
9.031506627798080444e-02
8.999371528625488281e-02
8.969920128583908081e-02
8.943693339824676514e-02
8.916012942790985107e-02
8.888828009366989136e-02
8.859968185424804688e-02
8.832366764545440674e-02
8.804998546838760376e-02
8.785137534141540527e-02
8.766546845436096191e-02
8.751839399337768555e-02
8.720988035202026367e-02
8.688858151435852051e-02
8.651806414127349854e-02
8.605743944644927979e-02
8.568628132343292236e-02
8.544892817735671997e-02
8.514967560768127441e-02
8.481715619564056396e-02
8.450358361005783081e-02
8.419778198003768921e-02
8.390355110168457031e-02
8.362796902656555176e-02
8.332355320453643799e-02
8.305650949478149414e-02
8.278049528598785400e-02
8.247634768486022949e-02
8.221695572137832642e-02
8.195240795612335205e-02
8.167359232902526855e-02
8.144467324018478394e-02
8.125078678131103516e-02
8.104438334703445435e-02
8.083119988441467285e-02
8.057584613561630249e-02
8.026189357042312622e-02
7.998508214950561523e-02
7.980871945619583130e-02
7.956901937723159790e-02
7.919549196958541870e-02
7.890786975622177124e-02
7.863248884677886963e-02
7.831059396266937256e-02
7.805377244949340820e-02
7.780453562736511230e-02
7.752372324466705322e-02
7.724457979202270508e-02
7.703116536140441895e-02
7.682271301746368408e-02
7.661430537700653076e-02
7.638208568096160889e-02
7.613244652748107910e-02
7.588803023099899292e-02
7.572762668132781982e-02
7.556629180908203125e-02
7.526689767837524414e-02
7.498164474964141846e-02
7.466718554496765137e-02
7.445812225341796875e-02
7.416272163391113281e-02
7.393115013837814331e-02
7.373759895563125610e-02
7.346274703741073608e-02
7.323116809129714966e-02
7.305449247360229492e-02
7.278467714786529541e-02
7.253453135490417480e-02
7.231965661048889160e-02
7.203351706266403198e-02
7.180376350879669189e-02
7.160940021276473999e-02
7.135018706321716309e-02
7.111750543117523193e-02
7.090714573860168457e-02
7.073007524013519287e-02
7.052122056484222412e-02
7.034303992986679077e-02
7.016410678625106812e-02
6.999883800745010376e-02
6.982845067977905273e-02
6.965272128582000732e-02
6.940516084432601929e-02
6.914211809635162354e-02
6.886070221662521362e-02
6.860020011663436890e-02
6.838499754667282104e-02
6.815554201602935791e-02
6.788881123065948486e-02
6.769496202468872070e-02
6.749936193227767944e-02
6.722806394100189209e-02
6.703233718872070312e-02
6.686806678771972656e-02
6.668618321418762207e-02
6.659014523029327393e-02
6.642873585224151611e-02
6.617107242345809937e-02
6.592290103435516357e-02
6.575156748294830322e-02
6.558477878570556641e-02
6.540072709321975708e-02
6.517459452152252197e-02
6.497735530138015747e-02
6.475383788347244263e-02
6.457175314426422119e-02
6.437782198190689087e-02
6.414029002189636230e-02
6.387988477945327759e-02
6.364623457193374634e-02
6.349070370197296143e-02
6.333227455615997314e-02
6.310819089412689209e-02
6.290376186370849609e-02
6.279476732015609741e-02
6.268686801195144653e-02
6.254111230373382568e-02
6.233291700482368469e-02
6.217721477150917053e-02
6.195594370365142822e-02
6.183339282870292664e-02
6.170538812875747681e-02
6.151105463504791260e-02
6.122775375843048096e-02
6.100914999842643738e-02
6.090719625353813171e-02
6.077633798122406006e-02
6.057595834136009216e-02
6.034238263964653015e-02
6.011836603283882141e-02
5.989859625697135925e-02
5.973522365093231201e-02
5.959810316562652588e-02
5.943092703819274902e-02
5.930845439434051514e-02
5.917753279209136963e-02
5.899053812026977539e-02
5.883194506168365479e-02
5.865684151649475098e-02
5.849284306168556213e-02
5.832739174365997314e-02
5.817554518580436707e-02
5.807609111070632935e-02
5.789467692375183105e-02
5.766684561967849731e-02
5.745372921228408813e-02
5.731733143329620361e-02
5.719096958637237549e-02
5.699511989951133728e-02
5.679902061820030212e-02
5.665483698248863220e-02
5.656851083040237427e-02
5.643702298402786255e-02
5.625721812248229980e-02
5.608844757080078125e-02
5.599518865346908569e-02
5.584588646888732910e-02
5.561968684196472168e-02
5.540402233600616455e-02
5.524458736181259155e-02
5.512907728552818298e-02
5.498778074979782104e-02
5.481749027967453003e-02
5.458649247884750366e-02
5.436531081795692444e-02
5.423159897327423096e-02
5.416229739785194397e-02
5.406990274786949158e-02
5.395831912755966187e-02
5.382638424634933472e-02
5.368455499410629272e-02
5.356238782405853271e-02
5.340575426816940308e-02
5.325201898813247681e-02
5.308222398161888123e-02
5.295056104660034180e-02
5.286048352718353271e-02
5.269977450370788574e-02
5.254175513982772827e-02
5.240853875875473022e-02
5.225203931331634521e-02
5.206573754549026489e-02
5.191858857870101929e-02
5.177458748221397400e-02
5.164919048547744751e-02
5.152635648846626282e-02
5.134934186935424805e-02
5.116789042949676514e-02
5.106386914849281311e-02
5.098923295736312866e-02
5.087004601955413818e-02
5.074688792228698730e-02
5.059687793254852295e-02
5.041679739952087402e-02
5.022082477807998657e-02
5.011080205440521240e-02
5.005909129977226257e-02
4.998994246125221252e-02
4.982742294669151306e-02
4.967888817191123962e-02
4.961626231670379639e-02
4.956849664449691772e-02
4.942538216710090637e-02
4.916822910308837891e-02
4.898441210389137268e-02
4.891952127218246460e-02
4.888439923524856567e-02
4.877361282706260681e-02
4.861176759004592896e-02
4.845928400754928589e-02
4.834510385990142822e-02
4.822695255279541016e-02
4.812376946210861206e-02
4.800770059227943420e-02
4.783800244331359863e-02
4.762545228004455566e-02
4.749818146228790283e-02
4.741256684064865112e-02
4.733963310718536377e-02
4.727264493703842163e-02
4.717148095369338989e-02
4.706745594739913940e-02
4.697051644325256348e-02
4.691936075687408447e-02
4.687410965561866760e-02
4.676041007041931152e-02
4.659548774361610413e-02
4.640532284975051880e-02
4.622309654951095581e-02
4.610983654856681824e-02
4.602375999093055725e-02
4.590334743261337280e-02
4.576639086008071899e-02
4.570369422435760498e-02
4.564804956316947937e-02
4.553795605897903442e-02
4.531652107834815979e-02
4.515311121940612793e-02
4.505120217800140381e-02
4.491559416055679321e-02
4.479385539889335632e-02
4.467596113681793213e-02
4.454693198204040527e-02
4.443012923002243042e-02
4.436467587947845459e-02
4.438418149948120117e-02
4.440328851342201233e-02
4.431740939617156982e-02
4.413988441228866577e-02
4.397438839077949524e-02
4.385609552264213562e-02
4.374121129512786865e-02
4.362227767705917358e-02
4.352377355098724365e-02
4.342327266931533813e-02
4.332513362169265747e-02
4.323743656277656555e-02
4.312897473573684692e-02
4.296597838401794434e-02
4.281125590205192566e-02
4.272327572107315063e-02
4.265257716178894043e-02
4.259287565946578979e-02
4.252661764621734619e-02
4.245141893625259399e-02
4.236299544572830200e-02
4.224549233913421631e-02
4.207589849829673767e-02
4.192731156945228577e-02
4.183382913470268250e-02
4.178971052169799805e-02
4.173840582370758057e-02
4.164370894432067871e-02
4.153136163949966431e-02
4.139748960733413696e-02
4.134379327297210693e-02
4.131259024143218994e-02
4.127183929085731506e-02
4.115059226751327515e-02
4.103168845176696777e-02
4.094593971967697144e-02
4.089770466089248657e-02
4.082529246807098389e-02
4.070245102047920227e-02
4.059372097253799438e-02
4.046626016497612000e-02
4.034780710935592651e-02
4.023496061563491821e-02
4.014185070991516113e-02
4.006641358137130737e-02
3.997573629021644592e-02
3.983648121356964111e-02
3.969868272542953491e-02
3.956475853919982910e-02
3.945630788803100586e-02
3.936597704887390137e-02
3.928638994693756104e-02
3.921738266944885254e-02
3.917948156595230103e-02
3.914300724864006042e-02
3.908866643905639648e-02
3.901747614145278931e-02
3.900187462568283081e-02
3.898649290204048157e-02
3.891096264123916626e-02
3.880687803030014038e-02
3.869071602821350098e-02
3.860845789313316345e-02
3.854270279407501221e-02
3.847499564290046692e-02
3.836843743920326233e-02
3.822703287005424500e-02
3.807708621025085449e-02
3.794443607330322266e-02
3.787162154912948608e-02
3.783231601119041443e-02
3.779019415378570557e-02
3.767910972237586975e-02
3.757904469966888428e-02
3.751737624406814575e-02
3.749808669090270996e-02
3.739368543028831482e-02
3.723685815930366516e-02
3.711118176579475403e-02
3.707102686166763306e-02
3.707807511091232300e-02
3.705928102135658264e-02
3.704299405217170715e-02
3.697228431701660156e-02
3.685519471764564514e-02
3.673966974020004272e-02
3.661352768540382385e-02
3.653157874941825867e-02
3.647355735301971436e-02
3.645070642232894897e-02
3.640554845333099365e-02
3.629437834024429321e-02
3.616506606340408325e-02
3.609839081764221191e-02
3.608645498752593994e-02
3.604694083333015442e-02
3.592970222234725952e-02
3.577136248350143433e-02
3.566803783178329468e-02
3.557507693767547607e-02
3.549303114414215088e-02
3.541306033730506897e-02
3.534882888197898865e-02
3.527072444558143616e-02
3.514926880598068237e-02
3.504411876201629639e-02
3.502102568745613098e-02
3.507146239280700684e-02
3.511413931846618652e-02
3.504519909620285034e-02
3.494799882173538208e-02
3.488364443182945251e-02
3.484984859824180603e-02
3.472460061311721802e-02
3.460668027400970459e-02
3.452880308032035828e-02
3.447712957859039307e-02
3.435832634568214417e-02
3.420057147741317749e-02
3.407394140958786011e-02
3.405208140611648560e-02
3.406946733593940735e-02
3.404047340154647827e-02
3.397522121667861938e-02
3.392522037029266357e-02
3.386906534433364868e-02
3.378630056977272034e-02
3.368596732616424561e-02
3.360671550035476685e-02
3.354623913764953613e-02
3.344974666833877563e-02
3.338574618101119995e-02
3.337448090314865112e-02
3.343277424573898315e-02
3.336449712514877319e-02
3.328624367713928223e-02
3.324670717120170593e-02
3.331876918673515320e-02
3.331493958830833435e-02
3.321338444948196411e-02
3.304348140954971313e-02
3.289672359824180603e-02
3.278714418411254883e-02
3.272122144699096680e-02
3.268872946500778198e-02
3.263285756111145020e-02
3.250214457511901855e-02
3.232448920607566833e-02
3.222347795963287354e-02
3.218290582299232483e-02
3.212200850248336792e-02
3.204791620373725891e-02
3.204532712697982788e-02
3.206054493784904480e-02
3.202584385871887207e-02
3.191079944372177124e-02
3.182183951139450073e-02
3.177369013428688049e-02
3.173780068755149841e-02
3.167979791760444641e-02
3.160183876752853394e-02
3.155593574047088623e-02
3.151432052254676819e-02
3.150402382016181946e-02
3.147722780704498291e-02
3.142934292554855347e-02
3.138935193419456482e-02
3.136832267045974731e-02
3.133534640073776245e-02
3.121405839920043945e-02
3.106099925935268402e-02
3.091793134808540344e-02
3.090563043951988220e-02
3.095274232327938080e-02
3.098203241825103760e-02
3.089164942502975464e-02
3.078024089336395264e-02
3.074489161372184753e-02
3.072714433073997498e-02
3.061221912503242493e-02
3.045898675918579102e-02
3.038175217807292938e-02
3.039830550551414490e-02
3.042401000857353210e-02
3.037132695317268372e-02
3.029894270002841949e-02
3.024917095899581909e-02
3.024708479642868042e-02
3.023789077997207642e-02
3.015742264688014984e-02
3.003773465752601624e-02
2.989737130701541901e-02
2.977911755442619324e-02
2.967437356710433960e-02
2.960216253995895386e-02
2.954674884676933289e-02
2.954101748764514923e-02
2.957928366959095001e-02
2.959378995001316071e-02
2.956007048487663269e-02
2.945680171251296997e-02
2.942057885229587555e-02
2.944818884134292603e-02
2.936487086117267609e-02
2.927440218627452850e-02
2.917711809277534485e-02
2.913682907819747925e-02
2.909564599394798279e-02
2.904039807617664337e-02
2.897408232092857361e-02
2.889072149991989136e-02
2.886371314525604248e-02
2.889222279191017151e-02
2.891913428902626038e-02
2.893857471644878387e-02
2.890217490494251251e-02
2.884764969348907471e-02
2.873340621590614319e-02
2.860840037465095520e-02
2.853137068450450897e-02
2.855988033115863800e-02
2.867463231086730957e-02
2.870626188814640045e-02
2.858504280447959900e-02
2.837103605270385742e-02
2.823700010776519775e-02
2.815715223550796509e-02
2.806189469993114471e-02
2.796029485762119293e-02
2.789716608822345734e-02
2.789941802620887756e-02
2.787211537361145020e-02
2.781215496361255646e-02
2.775284834206104279e-02
2.772251702845096588e-02
2.772262692451477051e-02
2.778292074799537659e-02
2.790264412760734558e-02
2.798509597778320312e-02
2.795393764972686768e-02
2.780794352293014526e-02
2.768039703369140625e-02
2.759499102830886841e-02
2.748448401689529419e-02
2.735890448093414307e-02
2.729859948158264160e-02
2.734019793570041656e-02
2.740446105599403381e-02
2.737107127904891968e-02
2.725914306938648224e-02
2.714957296848297119e-02
2.705435641109943390e-02
2.694615721702575684e-02
2.684059739112854004e-02
2.677384391427040100e-02
2.676330879330635071e-02
2.675839513540267944e-02
2.673723548650741577e-02
2.670956403017044067e-02
2.665127441287040710e-02
2.656240575015544891e-02
2.648760750889778137e-02
2.650681138038635254e-02
2.662085369229316711e-02
2.674869447946548462e-02
2.678667753934860229e-02
2.666978165507316589e-02
2.649104967713356018e-02
2.641778253018856049e-02
2.643774449825286865e-02
2.650362998247146606e-02
2.657864242792129517e-02
2.658775448799133301e-02
2.647111937403678894e-02
2.630195207893848419e-02
2.614930458366870880e-02
2.609728835523128510e-02
2.610469609498977661e-02
2.613719552755355835e-02
2.613413892686367035e-02
2.609941922128200531e-02
2.603885717689990997e-02
2.598481066524982452e-02
2.586480230093002319e-02
2.573892660439014435e-02
2.565429359674453735e-02
2.560297772288322449e-02
2.557194977998733521e-02
2.552387118339538574e-02
2.548622153699398041e-02
2.544186636805534363e-02
2.541595697402954102e-02
2.538737282156944275e-02
2.539049461483955383e-02
2.542533166706562042e-02
2.547883242368698120e-02
2.546987123787403107e-02
2.538933977484703064e-02
2.528360113501548767e-02
2.520124986767768860e-02
2.517294697463512421e-02
2.514383941888809204e-02
2.511110529303550720e-02
2.507916279137134552e-02
2.504021860659122467e-02
2.501275762915611267e-02
2.493740990757942200e-02
2.484633028507232666e-02
2.477572299540042877e-02
2.471449598670005798e-02
2.464369870722293854e-02
2.458418905735015869e-02
2.456346154212951660e-02
2.455843612551689148e-02
2.453004941344261169e-02
2.447411417961120605e-02
2.440846338868141174e-02
2.438895404338836670e-02
2.437955141067504883e-02
2.437870390713214874e-02
2.433700300753116608e-02
2.426996454596519470e-02
2.417080290615558624e-02
2.410739287734031677e-02
2.407422661781311035e-02
2.410520985722541809e-02
2.415480650961399078e-02
2.416627854108810425e-02
2.410443127155303955e-02
2.399548515677452087e-02
2.393302321434020996e-02
2.393148839473724365e-02
2.397560700774192810e-02
2.399871125817298889e-02
2.402583323419094086e-02
2.400084771215915680e-02
2.394326776266098022e-02
2.382388897240161896e-02
2.374439314007759094e-02
2.374933101236820221e-02
2.383877709507942200e-02
2.391928620636463165e-02
2.387880906462669373e-02
2.372888661921024323e-02
2.357191964983940125e-02
2.349373139441013336e-02
2.349125407636165619e-02
2.350035309791564941e-02
2.351063117384910583e-02
2.351061254739761353e-02
2.351315878331661224e-02
2.352348342537879944e-02
2.350992150604724884e-02
2.345672249794006348e-02
2.334671840071678162e-02
2.325839176774024963e-02
2.319067344069480896e-02
2.310984209179878235e-02
2.303031831979751587e-02
2.295343205332756042e-02
2.290887758135795593e-02
2.284849993884563446e-02
2.277300506830215454e-02
2.272218279540538788e-02
2.273657917976379395e-02
2.282331511378288269e-02
2.290159463882446289e-02
2.295186929404735565e-02
2.299574948847293854e-02
2.309488132596015930e-02
2.316369116306304932e-02
2.311905473470687866e-02
2.292963862419128418e-02
2.273135259747505188e-02
2.264109253883361816e-02
2.267747744917869568e-02
2.272113598883152008e-02
2.269794791936874390e-02
2.258554473519325256e-02
2.246110141277313232e-02
2.234171330928802490e-02
2.226202562451362610e-02
2.223159931600093842e-02
2.222229540348052979e-02
2.220282517373561859e-02
2.216162905097007751e-02
2.214361354708671570e-02
2.217143960297107697e-02
2.223965711891651154e-02
2.235827967524528503e-02
2.251724898815155029e-02
2.269566059112548828e-02
2.278072386980056763e-02
2.267410978674888611e-02
2.246233820915222168e-02
2.224618755280971527e-02
2.212708070874214172e-02
2.207408472895622253e-02
2.207674831151962280e-02
2.205452695488929749e-02
2.199818193912506104e-02
2.191240713000297546e-02
2.180579863488674164e-02
2.168536931276321411e-02
2.158059366047382355e-02
2.153642103075981140e-02
2.155541256070137024e-02
2.158000320196151733e-02
2.155378460884094238e-02
2.148510515689849854e-02
2.145421877503395081e-02
2.149283885955810547e-02
2.157389372587203979e-02
2.166870608925819397e-02
2.171446382999420166e-02
2.172216027975082397e-02
2.174483984708786011e-02
2.176690101623535156e-02
2.178690396249294281e-02
2.169218845665454865e-02
2.152616344392299652e-02
2.133267372846603394e-02
2.126174047589302063e-02
2.128798328340053558e-02
2.132399566471576691e-02
2.127777971327304840e-02
2.116407826542854309e-02
2.108184993267059326e-02
2.102005667984485626e-02
2.096147090196609497e-02
2.090500667691230774e-02
2.089368551969528198e-02
2.093281783163547516e-02
2.094628848135471344e-02
2.091939747333526611e-02
2.087566629052162170e-02
2.089880034327507019e-02
2.097009681165218353e-02
2.104654535651206970e-02
2.107321098446846008e-02
2.106021158397197723e-02
2.099577710032463074e-02
2.088036760687828064e-02
2.076258882880210876e-02
2.066738717257976532e-02
2.066768892109394073e-02
2.068194001913070679e-02
2.070707082748413086e-02
2.070743031799793243e-02
2.069501951336860657e-02
2.068036422133445740e-02
2.065720967948436737e-02
2.057893760502338409e-02
2.049459517002105713e-02
2.043590322136878967e-02
2.044029533863067627e-02
2.045475505292415619e-02
2.041956409811973572e-02
2.036718279123306274e-02
2.031559497117996216e-02
2.030358836054801941e-02
2.028558030724525452e-02
2.027049660682678223e-02
2.021955326199531555e-02
2.017368376255035400e-02
2.014155685901641846e-02
2.011653408408164978e-02
2.012822963297367096e-02
2.018554136157035828e-02
2.024288102984428406e-02
2.023584954440593719e-02
2.018731459975242615e-02
2.014661207795143127e-02
2.016082592308521271e-02
2.016673982143402100e-02
2.011097967624664307e-02
1.998173817992210388e-02
1.986544393002986908e-02
1.985474117100238800e-02
1.994344778358936310e-02
2.006478607654571533e-02
2.006740868091583252e-02
1.997205987572669983e-02
1.979542151093482971e-02
1.970223337411880493e-02
1.970472559332847595e-02
1.975614577531814575e-02
1.978719606995582581e-02
1.976200938224792480e-02
1.969823613762855530e-02
1.964405924081802368e-02
1.963075995445251465e-02
1.967523433268070221e-02
1.969924569129943848e-02
1.967825740575790405e-02
1.965545490384101868e-02
1.966388523578643799e-02
1.971254497766494751e-02
1.970693655312061310e-02
1.964074745774269104e-02
1.956866867840290070e-02
1.951302587985992432e-02
1.944712735712528229e-02
1.934057846665382385e-02
1.922631636261940002e-02
1.916276477277278900e-02
1.915986835956573486e-02
1.918128132820129395e-02
1.918788067996501923e-02
1.918054744601249695e-02
1.916510984301567078e-02
1.914188265800476074e-02
1.909971609711647034e-02
1.905051991343498230e-02
1.904460787773132324e-02
1.906088367104530334e-02
1.909940689802169800e-02
1.914639025926589966e-02
1.920212246477603912e-02
1.923247240483760834e-02
1.919962093234062195e-02
1.912027038633823395e-02
1.907311752438545227e-02
1.904663816094398499e-02
1.902161538600921631e-02
1.896726898849010468e-02
1.892246678471565247e-02
1.891049370169639587e-02
1.892110891640186310e-02
1.894498802721500397e-02
1.894764229655265808e-02
1.889585703611373901e-02
1.882149092853069305e-02
1.877214573323726654e-02
1.880445703864097595e-02
1.885366998612880707e-02
1.885695196688175201e-02
1.879516802728176117e-02
1.872146129608154297e-02
1.866192743182182312e-02
1.862397603690624237e-02
1.861379295587539673e-02
1.866122893989086151e-02
1.876060105860233307e-02
1.882136613130569458e-02
1.876145601272583008e-02
1.866407692432403564e-02
1.857721060514450073e-02
1.853725686669349670e-02
1.849012076854705811e-02
1.843008399009704590e-02
1.839219406247138977e-02
1.840441115200519562e-02
1.842390000820159912e-02
1.837719604372978210e-02
1.830511167645454407e-02
1.826752722263336182e-02
1.824616454541683197e-02
1.821911148726940155e-02
1.815233938395977020e-02
1.811180263757705688e-02
1.811451464891433716e-02
1.814409345388412476e-02
1.814338378608226776e-02
1.811772771179676056e-02
1.810066029429435730e-02
1.809119246900081635e-02
1.808678545057773590e-02
1.807514205574989319e-02
1.805031672120094299e-02
1.806426420807838440e-02
1.811810210347175598e-02
1.815208420157432556e-02
1.808902993798255920e-02
1.797623559832572937e-02
1.791410148143768311e-02
1.797262579202651978e-02
1.807100325822830200e-02
1.810012198984622955e-02
1.803356222808361053e-02
1.792522892355918884e-02
1.783835515379905701e-02
1.779913716018199921e-02
1.780066639184951782e-02
1.784300431609153748e-02
1.790341734886169434e-02
1.798602566123008728e-02
1.800669729709625244e-02
1.793322339653968811e-02
1.782927289605140686e-02
1.776375994086265564e-02
1.776349917054176331e-02
1.777355745434761047e-02
1.779533736407756805e-02
1.782770454883575439e-02
1.784637942910194397e-02
1.780359447002410889e-02
1.773598603904247284e-02
1.769831031560897827e-02
1.772743836045265198e-02
1.776707544922828674e-02
1.775863580405712128e-02
1.769713312387466431e-02
1.761282049119472504e-02
1.758055016398429871e-02
1.759361475706100464e-02
1.758170872926712036e-02
1.749756932258605957e-02
1.737263612449169159e-02
1.725941896438598633e-02
1.722941175103187561e-02
1.724102720618247986e-02
1.723907887935638428e-02
1.721315830945968628e-02
1.717326790094375610e-02
1.718102395534515381e-02
1.722395792603492737e-02
1.729878410696983337e-02
1.734862476587295532e-02
1.742079108953475952e-02
1.750797033309936523e-02
1.757863536477088928e-02
1.752817444503307343e-02
1.739015243947505951e-02
1.723341271281242371e-02
1.713885366916656494e-02
1.710950583219528198e-02
1.710880547761917114e-02
1.708533056080341339e-02
1.702571287751197815e-02
1.696787774562835693e-02
1.692800410091876984e-02
1.688755303621292114e-02
1.683469489216804504e-02
1.677773892879486084e-02
1.674963906407356262e-02
1.675012707710266113e-02
1.679906621575355530e-02
1.686175540089607239e-02
1.695180684328079224e-02
1.703558303415775299e-02
1.713110506534576416e-02
1.721882820129394531e-02
1.731123775243759155e-02
1.737096533179283142e-02
1.734973676502704620e-02
1.721601188182830811e-02
1.698964834213256836e-02
1.680072583258152008e-02
1.671572402119636536e-02
1.675609499216079712e-02
1.682701706886291504e-02
1.685311831533908844e-02
1.678549498319625854e-02
1.668492704629898071e-02
1.659819856286048889e-02
1.655839942395687103e-02
1.654687523841857910e-02
1.654378697276115417e-02
1.658861897885799408e-02
1.665466837584972382e-02
1.672872714698314667e-02
1.673358306288719177e-02
1.669893413782119751e-02
1.666702330112457275e-02
1.668604463338851929e-02
1.667893305420875549e-02
1.663033664226531982e-02
1.653148606419563293e-02
1.645663566887378693e-02
1.641693525016307831e-02
1.638586446642875671e-02
1.636397466063499451e-02
1.636203564703464508e-02
1.641497015953063965e-02
1.648896932601928711e-02
1.655316352844238281e-02
1.657036691904067993e-02
1.655740663409233093e-02
1.650280505418777466e-02
1.643318682909011841e-02
1.638331636786460876e-02
1.636721193790435791e-02
1.639396511018276215e-02
1.641402766108512878e-02
1.638695038855075836e-02
1.628488674759864807e-02
1.616032235324382782e-02
1.607628911733627319e-02
1.604798249900341034e-02
1.604466699063777924e-02
1.603449508547782898e-02
1.602385565638542175e-02
1.598047465085983276e-02
1.590859889984130859e-02
1.583708450198173523e-02
1.583006046712398529e-02
1.587939262390136719e-02
1.595088280737400055e-02
1.600631326436996460e-02
1.604332402348518372e-02
1.610299199819564819e-02
1.617594994604587555e-02
1.625425182282924652e-02
1.628014072775840759e-02
1.626288145780563354e-02
1.619375124573707581e-02
1.613547280430793762e-02
1.612534001469612122e-02
1.616395451128482819e-02
1.622521132230758667e-02
1.622621156275272369e-02
1.612894237041473389e-02
1.598309725522994995e-02
1.588355563580989838e-02
1.592460274696350098e-02
1.599853672087192535e-02
1.601478457450866699e-02
1.588864624500274658e-02
1.577147096395492554e-02
1.573467627167701721e-02
1.580065861344337463e-02
1.587875559926033020e-02
1.585997641086578369e-02
1.577847823500633240e-02
1.572431623935699463e-02
1.573463156819343567e-02
1.576581411063671112e-02
1.575065404176712036e-02
1.567769981920719147e-02
1.559153478592634201e-02
1.555348094552755356e-02
1.558107789605855942e-02
1.565686613321304321e-02
1.569201610982418060e-02
1.567554846405982971e-02
1.562808081507682800e-02
1.564127579331398010e-02
1.569943130016326904e-02
1.576422527432441711e-02
1.580057665705680847e-02
1.580806821584701538e-02
1.577320881187915802e-02
1.572886668145656586e-02
1.568100415170192719e-02
1.561894454061985016e-02
1.559941004961729050e-02
1.559191383421421051e-02
1.558782625943422318e-02
1.559122838079929352e-02
1.554230414330959320e-02
1.547158695757389069e-02
1.538604311645030975e-02
1.534773223102092743e-02
1.534165907651185989e-02
1.532921288162469864e-02
1.530156563967466354e-02
1.527002640068531036e-02
1.525489334017038345e-02
1.524838525801897049e-02
1.519722305238246918e-02
1.512154377996921539e-02
1.504084002226591110e-02
1.502246689051389694e-02
1.505610439926385880e-02
1.511246431618928909e-02
1.517879124730825424e-02
1.525565236806869507e-02
1.532513275742530823e-02
1.536160334944725037e-02
1.533482875674962997e-02
1.528018712997436523e-02
1.522842980921268463e-02
1.522564888000488281e-02
1.524843648076057434e-02
1.524159498512744904e-02
1.521229185163974762e-02
1.518361084163188934e-02
1.517874374985694885e-02
1.517675165086984634e-02
1.513552479445934296e-02
1.503654383122920990e-02
1.490828022360801697e-02
1.482595596462488174e-02
1.484085898846387863e-02
1.493073161691427231e-02
1.501669734716415405e-02
1.503480039536952972e-02
1.499912701547145844e-02
1.495944894850254059e-02
1.498324610292911530e-02
1.507300697267055511e-02
1.518975757062435150e-02
1.525942422449588776e-02
1.521931029856204987e-02
1.509462762624025345e-02
1.492981426417827606e-02
1.483105029910802841e-02
1.480396836996078491e-02
1.484001986682415009e-02
1.485681720077991486e-02
1.484044548124074936e-02
1.481133140623569489e-02
1.479279622435569763e-02
1.480012945830821991e-02
1.480707712471485138e-02
1.478641107678413391e-02
1.474573090672492981e-02
1.472270861268043518e-02
1.474813371896743774e-02
1.483906526118516922e-02
1.493876054883003235e-02
1.498117297887802124e-02
1.494480855762958527e-02
1.486935652792453766e-02
1.479616202414035797e-02
1.474093645811080933e-02
1.471024192869663239e-02
1.469907630234956741e-02
1.471351459622383118e-02
1.471898611634969711e-02
1.473584771156311035e-02
1.473183929920196533e-02
1.468029431998729706e-02
1.458218041807413101e-02
1.449267566204071045e-02
1.448819786310195923e-02
1.458461862057447433e-02
1.472385041415691376e-02
1.478116400539875031e-02
1.473885402083396912e-02
1.463208068162202835e-02
1.456929557025432587e-02
1.452584937214851379e-02
1.451598852872848511e-02
1.450453884899616241e-02
1.449533738195896149e-02
1.445952896028757095e-02
1.439839787781238556e-02
1.434379070997238159e-02
1.430212333798408508e-02
1.428053341805934906e-02
1.426415890455245972e-02
1.425210759043693542e-02
1.424686796963214874e-02
1.423636917024850845e-02
1.423616148531436920e-02
1.424719765782356262e-02
1.430310495197772980e-02
1.438821759074926376e-02
1.447731163352727890e-02
1.451229304075241089e-02
1.446896605193614960e-02
1.436973828822374344e-02
1.427980698645114899e-02
1.423567812889814377e-02
1.422339677810668945e-02
1.424765121191740036e-02
1.429748535156250000e-02
1.436391007155179977e-02
1.441753096878528595e-02
1.440515369176864624e-02
1.434642821550369263e-02
1.428473554551601410e-02
1.423328928649425507e-02
1.416674442589282990e-02
1.408749446272850037e-02
1.402079593390226364e-02
1.402324065566062927e-02
1.409104652702808380e-02
1.415708940476179123e-02
1.413012109696865082e-02
1.405441761016845703e-02
1.397631131112575531e-02
1.398123614490032196e-02
1.401235163211822510e-02
1.406673341989517212e-02
1.412963494658470154e-02
1.420249417424201965e-02
1.429629512131214142e-02
1.437763683497905731e-02
1.438926253467798233e-02
1.429077982902526855e-02
1.410164404660463333e-02
1.392836403101682663e-02
1.388827059417963028e-02
1.395367644727230072e-02
1.406258717179298401e-02
1.409405376762151718e-02
1.408913545310497284e-02
1.406812854111194611e-02
1.406206749379634857e-02
1.403809711337089539e-02
1.399737596511840820e-02
1.394805498421192169e-02
1.389857009053230286e-02
1.386038959026336670e-02
1.385643053799867630e-02
1.390304602682590485e-02
1.398590579628944397e-02
1.403275877237319946e-02
1.400975976139307022e-02
1.394523121416568756e-02
1.389233861118555069e-02
1.391094084829092026e-02
1.394231058657169342e-02
1.391085423529148102e-02
1.383621059358119965e-02
1.376764662563800812e-02
1.376790553331375122e-02
1.378144323825836182e-02
1.375457271933555603e-02
1.369037386029958725e-02
1.366139855235815048e-02
1.370006706565618515e-02
1.379018183797597885e-02
1.383993402123451233e-02
1.381598506122827530e-02
1.377118192613124847e-02
1.375161856412887573e-02
1.376426778733730316e-02
1.375446002930402756e-02
1.374797988682985306e-02
1.375020481646060944e-02
1.377231534570455551e-02
1.378841698169708252e-02
1.379041280597448349e-02
1.377275865525007248e-02
1.374289207160472870e-02
1.370349619537591934e-02
1.365406997501850128e-02
1.358661428093910217e-02
1.352629810571670532e-02
1.350979134440422058e-02
1.353716291487216949e-02
1.355669647455215454e-02
1.349418237805366516e-02
1.339025236666202545e-02
1.330192945897579193e-02
1.329486630856990814e-02
1.333204098045825958e-02
1.335551496595144272e-02
1.334006153047084808e-02
1.330352574586868286e-02
1.327290013432502747e-02
1.326664350926876068e-02
1.328681968152523041e-02
1.333947014063596725e-02
1.339435391128063202e-02
1.345694251358509064e-02
1.350301038473844528e-02
1.354459766298532486e-02
1.351741608232259750e-02
1.344082225114107132e-02
1.334062591195106506e-02
1.329095289111137390e-02
1.329395640641450882e-02
1.335809752345085144e-02
1.345013920217752457e-02
1.353784929960966110e-02
1.356550864875316620e-02
1.350433938205242157e-02
1.339963264763355255e-02
1.330234110355377197e-02
1.330520026385784149e-02
1.338331494480371475e-02
1.345712691545486450e-02
1.346995122730731964e-02
1.338558644056320190e-02
1.326021365821361542e-02
1.318162214010953903e-02
1.319486089050769806e-02
1.327052712440490723e-02
1.333956420421600342e-02
1.331033185124397278e-02
1.320145372301340103e-02
1.310695707798004150e-02
1.309116091579198837e-02
1.314724422991275787e-02
1.317910756915807724e-02
1.313582714647054672e-02
1.300327852368354797e-02
1.289573125541210175e-02
1.286323275417089462e-02
1.289671752601861954e-02
1.293108519166707993e-02
1.295229513198137283e-02
1.296838838607072830e-02
1.301597431302070618e-02
1.306747645139694214e-02
1.309937890619039536e-02
1.310434006154537201e-02
1.308872550725936890e-02
1.308268681168556213e-02
1.309543661773204803e-02
1.312742289155721664e-02
1.314158830791711807e-02
1.313486881554126740e-02
1.311458274722099304e-02
1.312508713454008102e-02
1.312658563256263733e-02
1.311646588146686554e-02
1.306162867695093155e-02
1.300404779613018036e-02
1.297410391271114349e-02
1.298849098384380341e-02
1.302109844982624054e-02
1.303781941533088684e-02
1.301262527704238892e-02
1.295928470790386200e-02
1.291427388787269592e-02
1.290430594235658646e-02
1.291735470294952393e-02
1.291896961629390717e-02
1.291256584227085114e-02
1.289566140621900558e-02
1.293329149484634399e-02
1.298668980598449707e-02
1.301467232406139374e-02
1.297619938850402832e-02
1.292282249778509140e-02
1.293412037193775177e-02
1.300928089767694473e-02
1.304522715508937836e-02
1.294230297207832336e-02
1.276241615414619446e-02
1.264315843582153320e-02
1.267277635633945465e-02
1.275893487036228180e-02
1.281051151454448700e-02
1.279196143150329590e-02
1.276105176657438278e-02
1.276213675737380981e-02
1.274692267179489136e-02
1.267595868557691574e-02
1.258795149624347687e-02
1.254302635788917542e-02
1.257673371583223343e-02
1.264506950974464417e-02
1.268682815134525299e-02
1.267518661916255951e-02
1.263315230607986450e-02
1.260720752179622650e-02
1.262228656560182571e-02
1.268068235367536545e-02
1.274755038321018219e-02
1.277970708906650543e-02
1.276554167270660400e-02
1.269660331308841705e-02
1.262634061276912689e-02
1.260945294052362442e-02
1.263241283595561981e-02
1.267107948660850525e-02
1.266863755881786346e-02
1.264062058180570602e-02
1.258360221982002258e-02
1.254459004849195480e-02
1.250444445759057999e-02
1.247305423021316528e-02
1.245032344013452530e-02
1.246942486613988876e-02
1.251547690480947495e-02
1.259495783597230911e-02
1.264162547886371613e-02
1.264452189207077026e-02
1.260608434677124023e-02
1.256884634494781494e-02
1.259507518261671066e-02
1.269002817571163177e-02
1.276831701397895813e-02
1.277138385921716690e-02
1.263865549117326736e-02
1.247941516339778900e-02
1.234694197773933411e-02
1.229314133524894714e-02
1.227146945893764496e-02
1.224290765821933746e-02
1.223075482994318008e-02
1.224900875240564346e-02
1.229469478130340576e-02
1.231787633150815964e-02
1.229792088270187378e-02
1.226259395480155945e-02
1.227729395031929016e-02
1.235615834593772888e-02
1.247115153819322586e-02
1.255809888243675232e-02
1.260025240480899811e-02
1.258769724518060684e-02
1.255347765982151031e-02
1.250599324703216553e-02
1.247700676321983337e-02
1.245794631540775299e-02
1.244189962744712830e-02
1.243375055491924286e-02
1.245952676981687546e-02
1.248177234083414078e-02
1.245352812111377716e-02
1.235547754913568497e-02
1.225332356989383698e-02
1.219960302114486694e-02
1.221827510744333267e-02
1.226946990936994553e-02
1.229996047914028168e-02
1.231057941913604736e-02
1.228601764887571335e-02
1.226161513477563858e-02
1.221906859427690506e-02
1.220891904085874557e-02
1.222980022430419922e-02
1.226250641047954559e-02
1.228421367704868317e-02
1.226341351866722107e-02
1.221152860671281815e-02
1.212599407881498337e-02
1.204747520387172699e-02
1.199587155133485794e-02
1.197407022118568420e-02
1.198267284780740738e-02
1.199470460414886475e-02
1.201366074383258820e-02
1.206694729626178741e-02
1.213749125599861145e-02
1.221983600407838821e-02
1.224390789866447449e-02
1.221707928925752640e-02
1.217550504952669144e-02
1.217109616845846176e-02
1.220771111547946930e-02
1.226130127906799316e-02
1.225887425243854523e-02
1.220380514860153198e-02
1.211822219192981720e-02
1.206077169626951218e-02
1.204164884984493256e-02
1.204635389149188995e-02
1.205397211015224457e-02
1.203422807157039642e-02
1.199078746140003204e-02
1.191640272736549377e-02
1.186399348080158234e-02
1.185097079724073410e-02
1.185923628509044647e-02
1.187296584248542786e-02
1.184745132923126221e-02
1.180226542055606842e-02
1.173975225538015366e-02
1.171571388840675354e-02
1.174527779221534729e-02
1.182557176798582077e-02
1.191833801567554474e-02
1.197983510792255402e-02
1.197303272783756256e-02
1.190261077135801315e-02
1.182912476360797882e-02
1.180041488260030746e-02
1.183581352233886719e-02
1.187456678599119186e-02
1.191968470811843872e-02
1.192854903638362885e-02
1.193434838205575943e-02
1.193733047693967819e-02
1.196355558931827545e-02
1.198647636920213699e-02
1.203965581953525543e-02
1.204174384474754333e-02
1.203914638608694077e-02
1.199023239314556122e-02
1.199205033481121063e-02
1.202718261629343033e-02
1.203833147883415222e-02
1.199509762227535248e-02
1.192016620188951492e-02
1.184847392141819000e-02
1.182519458234310150e-02
1.182096265256404877e-02
1.184281520545482635e-02
1.185359060764312744e-02
1.184538565576076508e-02
1.177121326327323914e-02
1.171588338911533356e-02
1.171782799065113068e-02
1.178270112723112106e-02
1.186863332986831665e-02
1.189636159688234329e-02
1.187954097986221313e-02
1.181393209844827652e-02
1.174312457442283630e-02
1.167159620672464371e-02
1.165446080267429352e-02
1.168349850922822952e-02
1.173154171556234360e-02
1.174231991171836853e-02
1.171063631772994995e-02
1.166646741330623627e-02
1.169141381978988647e-02
1.175750233232975006e-02
1.184713467955589294e-02
1.186028029769659042e-02
1.181938406080007553e-02
1.173707097768783569e-02
1.172013860195875168e-02
1.173878740519285202e-02
1.175242289900779724e-02
1.169297471642494202e-02
1.157842110842466354e-02
1.145389862358570099e-02
1.138970628380775452e-02
1.137750316411256790e-02
1.139004807919263840e-02
1.141552254557609558e-02
1.145969796925783157e-02
1.149994973093271255e-02
1.152287796139717102e-02
1.151179149746894836e-02
1.148000173270702362e-02
1.147504150867462158e-02
1.149738859385251999e-02
1.155173778533935547e-02
1.159038022160530090e-02
1.162025891244411469e-02
1.165658794343471527e-02
1.168740354478359222e-02
1.168406754732131958e-02
1.164367608726024628e-02
1.154828723520040512e-02
1.145858410745859146e-02
1.138872187584638596e-02
1.137202046811580658e-02
1.142017077654600143e-02
1.153108291327953339e-02
1.163489185273647308e-02
1.167895179241895676e-02
1.163769979029893875e-02
1.158027537167072296e-02
1.152474712580442429e-02
1.147783640772104263e-02
1.144378352910280228e-02
1.143429614603519440e-02
1.148302108049392700e-02
1.153064612299203873e-02
1.152246445417404175e-02
1.144498214125633240e-02
1.134430803358554840e-02
1.128701027482748032e-02
1.130314543843269348e-02
1.136365160346031189e-02
1.141338609158992767e-02
1.138120330870151520e-02
1.129629276692867279e-02
1.123034395277500153e-02
1.125863194465637207e-02
1.138641685247421265e-02
1.155565120279788971e-02
1.168181840330362320e-02
1.171284075826406479e-02
1.165330037474632263e-02
1.152678858488798141e-02
1.142227277159690857e-02
1.139021851122379303e-02
1.144759543240070343e-02
1.151398569345474243e-02
1.155890896916389465e-02
1.152269914746284485e-02
1.147620752453804016e-02
1.144187524914741516e-02
1.146828383207321167e-02
1.149459369480609894e-02
1.146153919398784637e-02
1.133080571889877319e-02
1.114649977535009384e-02
1.101060584187507629e-02
1.098858844488859177e-02
1.105826906859874725e-02
1.109244860708713531e-02
1.107612904161214828e-02
1.101100910454988480e-02
1.099065504968166351e-02
1.101834233850240707e-02
1.103497855365276337e-02
1.101483032107353210e-02
1.096408441662788391e-02
1.094330381602048874e-02
1.096134074032306671e-02
1.098843663930892944e-02
1.101072505116462708e-02
1.099950261414051056e-02
1.099307090044021606e-02
1.097166910767555237e-02
1.095940824598073959e-02
1.094534061849117279e-02
1.096404157578945160e-02
1.100754737854003906e-02
1.106866449117660522e-02
1.113522425293922424e-02
1.119500957429409027e-02
1.126374490559101105e-02
1.130537781864404678e-02
1.131445914506912231e-02
1.128314994275569916e-02
1.121976412832736969e-02
1.117585413157939911e-02
1.118233706802129745e-02
1.124555710703134537e-02
1.130548957735300064e-02
1.132339332252740860e-02
1.127086207270622253e-02
1.120443735271692276e-02
1.115689799189567566e-02
1.118377596139907837e-02
1.120875310152769089e-02
1.124177500605583191e-02
1.122637838125228882e-02
1.116517558693885803e-02
1.107739657163619995e-02
1.098780892789363861e-02
1.093636360019445419e-02
1.093053631484508514e-02
1.096662692725658417e-02
1.102431491017341614e-02
1.101798843592405319e-02
1.093790866434574127e-02
1.082099042832851410e-02
1.076584681868553162e-02
1.083487644791603088e-02
1.097578555345535278e-02
1.109468191862106323e-02
1.112905982881784439e-02
1.109090540558099747e-02
1.106252614408731461e-02
1.107569597661495209e-02
1.112487353384494781e-02
1.112196035683155060e-02
1.105613075196743011e-02
1.090995687991380692e-02
1.076316554099321365e-02
1.066179946064949036e-02
1.064837258309125900e-02
1.069500856101512909e-02
1.077423430979251862e-02
1.083422545343637466e-02
1.086775958538055420e-02
1.086889952421188354e-02
1.083168387413024902e-02
1.079197321087121964e-02
1.074898336082696915e-02
1.076040789484977722e-02
1.081776805222034454e-02
1.090574264526367188e-02
1.098150573670864105e-02
1.102261431515216827e-02
1.103365421295166016e-02
1.103886403143405914e-02
1.107200421392917633e-02
1.109536923468112946e-02
1.107108592987060547e-02
1.097723282873630524e-02
1.082064583897590637e-02
1.068022474646568298e-02
1.060905866324901581e-02
1.063290238380432129e-02
1.070760749280452728e-02
1.080123987048864365e-02
1.085233036428689957e-02
1.087863184511661530e-02
1.087599806487560272e-02
1.082866080105304718e-02
1.076135877519845963e-02
1.070476602762937546e-02
1.067796442657709122e-02
1.068004313856363297e-02
1.069885771721601486e-02
1.072776503860950470e-02
1.075568329542875290e-02
1.076631620526313782e-02
1.076293736696243286e-02
1.077173836529254913e-02
1.080905925482511520e-02
1.087566930800676346e-02
1.093651168048381805e-02
1.098534278571605682e-02
1.099526695907115936e-02
1.095883827656507492e-02
1.091478578746318817e-02
1.083653885871171951e-02
1.075913570821285248e-02
1.065257750451564789e-02
1.057023275643587112e-02
1.055532321333885193e-02
1.059811003506183624e-02
1.065167598426342010e-02
1.066587958484888077e-02
1.060900650918483734e-02
1.054935157299041748e-02
1.051854062825441360e-02
1.051980257034301758e-02
1.052723545581102371e-02
1.051392871886491776e-02
1.051305048167705536e-02
1.055488735437393188e-02
1.063607260584831238e-02
1.074004825204610825e-02
1.084176357835531235e-02
1.091628801077604294e-02
1.094769593328237534e-02
1.091165654361248016e-02
1.079696044325828552e-02
1.062976103276014328e-02
1.048600487411022186e-02
1.040899287909269333e-02
1.039983704686164856e-02
1.042762584984302521e-02
1.046386919915676117e-02
1.048387587070465088e-02
1.049852464348077774e-02
1.051611639559268951e-02
1.054793875664472580e-02
1.056475937366485596e-02
1.057381369173526764e-02
1.056587696075439453e-02
1.055700704455375671e-02
1.056216191500425339e-02
1.058904267847537994e-02
1.059718802571296692e-02
1.058571785688400269e-02
1.055780984461307526e-02
1.055186428129673004e-02
1.056064106523990631e-02
1.059379521757364273e-02
1.060828473418951035e-02
1.059076096862554550e-02
1.053631398826837540e-02
1.047264132648706436e-02
1.043678633868694305e-02
1.044818013906478882e-02
1.048513315618038177e-02
1.049559004604816437e-02
1.049419119954109192e-02
1.049529388546943665e-02
1.053487136960029602e-02
1.058371085673570633e-02
1.060746051371097565e-02
1.059135515242815018e-02
1.052238699048757553e-02
1.045385748147964478e-02
1.037279423326253891e-02
1.030688267201185226e-02
1.023204624652862549e-02
1.018772087991237640e-02
1.020447537302970886e-02
1.028794143348932266e-02
1.037885807454586029e-02
1.044040452688932419e-02
1.043886318802833557e-02
1.043306663632392883e-02
1.042402349412441254e-02
1.046110875904560089e-02
1.048712432384490967e-02
1.055689062923192978e-02
1.062500104308128357e-02
1.065009925514459610e-02
1.059744320809841156e-02
1.048194151371717453e-02
1.039413176476955414e-02
1.035054773092269897e-02
1.032795850187540054e-02
1.028169691562652588e-02
1.024403050541877747e-02
1.023442670702934265e-02
1.026061270385980606e-02
1.026981137692928314e-02
1.022653747349977493e-02
1.015275903046131134e-02
1.010035537183284760e-02
1.010096631944179535e-02
1.012853533029556274e-02
1.014570705592632294e-02
1.013681851327419281e-02
1.014561858028173447e-02
1.020121015608310699e-02
1.031455211341381073e-02
1.044640224426984787e-02
1.054347865283489227e-02
1.056416705250740051e-02
1.051635853946208954e-02
1.044029183685779572e-02
1.034998707473278046e-02
1.023752987384796143e-02
1.012571714818477631e-02
1.004756335169076920e-02
1.005747355520725250e-02
1.012425310909748077e-02
1.019838452339172363e-02
1.022444665431976318e-02
1.021385006606578827e-02
1.020008884370326996e-02
1.019694097340106964e-02
1.020292006433010101e-02
1.021064631640911102e-02
1.024000626057386398e-02
1.030804216861724854e-02
1.042572222650051117e-02
1.052512787282466888e-02
1.055735722184181213e-02
1.050164550542831421e-02
1.041041873395442963e-02
1.031530927866697311e-02
1.024055853486061096e-02
1.018210221081972122e-02
1.014499180018901825e-02
1.013016514480113983e-02
1.010440662503242493e-02
1.007200032472610474e-02
1.003771461546421051e-02
1.003095507621765137e-02
1.006732229143381119e-02
1.012405753135681152e-02
1.016424223780632019e-02
1.014898251742124557e-02
1.006391830742359161e-02
9.978245943784713745e-03
9.949689731001853943e-03
9.989946149289608002e-03
1.003820169717073441e-02
1.004078239202499390e-02
9.985992684960365295e-03
9.930482134222984314e-03
9.941301308572292328e-03
9.994838386774063110e-03
1.006911695003509521e-02
1.009033247828483582e-02
1.008095592260360718e-02
1.004248205572366714e-02
1.002032123506069183e-02
1.001239567995071411e-02
1.004070229828357697e-02
1.007886789739131927e-02
1.011382974684238434e-02
1.012661494314670563e-02
1.013901922851800919e-02
1.014239992946386337e-02
1.014659926295280457e-02
1.013416424393653870e-02
1.011750474572181702e-02
1.011336967349052429e-02
1.010086946189403534e-02
1.005237177014350891e-02
9.959511458873748779e-03
9.882817976176738739e-03
9.879201650619506836e-03
9.955108165740966797e-03
1.005731336772441864e-02
1.011572219431400299e-02
1.010772585868835449e-02
1.005178689956665039e-02
9.990762919187545776e-03
9.961927309632301331e-03
9.953318163752555847e-03
9.957141242921352386e-03
9.942451491951942444e-03
9.931410662829875946e-03
9.901750832796096802e-03
9.859828278422355652e-03
9.799561463296413422e-03
9.762827306985855103e-03
9.767699986696243286e-03
9.852573275566101074e-03
9.991167113184928894e-03
1.012099627405405045e-02
1.020256709307432175e-02
1.023456268012523651e-02
1.024631224572658539e-02
1.024580560624599457e-02
1.020309794694185257e-02
1.011867914348840714e-02
1.001000311225652695e-02
9.965946897864341736e-03
9.978231973946094513e-03
1.002125442028045654e-02
1.001330092549324036e-02
9.953210130333900452e-03
9.892839938402175903e-03
9.921482764184474945e-03
1.004011463373899460e-02
1.013863086700439453e-02
1.010297425091266632e-02
9.954003617167472839e-03
9.819699451327323914e-03
9.833749383687973022e-03
9.973724372684955597e-03
1.006082259118556976e-02
1.002004742622375488e-02
9.878294542431831360e-03
9.790080599486827850e-03
9.786667302250862122e-03
9.834093041718006134e-03
9.838526137173175812e-03
9.788727387785911560e-03
9.732916951179504395e-03
9.705159813165664673e-03
9.701085276901721954e-03
9.682683274149894714e-03
9.640116244554519653e-03
9.603958576917648315e-03
9.578084573149681091e-03
9.566326625645160675e-03
9.539084509015083313e-03
9.516807273030281067e-03
9.510505013167858124e-03
9.533179923892021179e-03
9.580934420228004456e-03
9.644550271332263947e-03
9.703427553176879883e-03
9.767353534698486328e-03
9.836504235863685608e-03
9.915355592966079712e-03
9.957951493561267853e-03
9.945658966898918152e-03
9.867101907730102539e-03
9.774036705493927002e-03
9.717285633087158203e-03
9.710574522614479065e-03
9.738114662468433380e-03
9.785823523998260498e-03
9.833991527557373047e-03
9.886485524475574493e-03
9.937236085534095764e-03
9.988136589527130127e-03
1.000253669917583466e-02
9.982019662857055664e-03
9.922573342919349670e-03
9.850768372416496277e-03
9.810764342546463013e-03
9.781507775187492371e-03
9.779964573681354523e-03
9.778642095625400543e-03
9.788846597075462341e-03
9.794258512556552887e-03
9.766153991222381592e-03
9.734584949910640717e-03
9.697718545794487000e-03
9.726887568831443787e-03
9.808645583689212799e-03
9.926823899149894714e-03
1.000794675201177597e-02
1.000218652188777924e-02
9.913505986332893372e-03
9.811634197831153870e-03
9.784683585166931152e-03
9.837500751018524170e-03
9.902519173920154572e-03
9.924709796905517578e-03
9.859577752649784088e-03
9.731525555253028870e-03
9.606087580323219299e-03
9.548269212245941162e-03
9.566289372742176056e-03
9.595520794391632080e-03
9.588759392499923706e-03
9.536829777061939240e-03
9.473111480474472046e-03
9.417593479156494141e-03
9.387163445353507996e-03
9.376822039484977722e-03
9.370563551783561707e-03
9.364428929984569550e-03
9.363888762891292572e-03
9.390004910528659821e-03
9.443778544664382935e-03
9.506130591034889221e-03
9.562887251377105713e-03
9.598789736628532410e-03
9.614938870072364807e-03
9.603964164853096008e-03
9.574997238814830780e-03
9.529348462820053101e-03
9.480497799813747406e-03
9.451199322938919067e-03
9.459165856242179871e-03
9.520608000457286835e-03
9.636556729674339294e-03
9.773014113306999207e-03
9.869217872619628906e-03
9.861158207058906555e-03
9.727467782795429230e-03
9.556872770190238953e-03
9.422548115253448486e-03
9.405476972460746765e-03
9.452265687286853790e-03
9.553028270602226257e-03
9.660299867391586304e-03
9.744726121425628662e-03
9.798398241400718689e-03
9.789177216589450836e-03
9.740113280713558197e-03
9.665674529969692230e-03
9.623914957046508789e-03
9.600587189197540283e-03
9.590825997292995453e-03
9.557155892252922058e-03
9.515028446912765503e-03
9.500467218458652496e-03
9.519976563751697540e-03
9.549187496304512024e-03
9.515171870589256287e-03
9.445902891457080841e-03
9.381759911775588989e-03
9.376013651490211487e-03
9.424177929759025574e-03
9.491153992712497711e-03
9.526521898806095123e-03
9.515020996332168579e-03
9.438186883926391602e-03
9.351983666419982910e-03
9.301183745265007019e-03
9.304583072662353516e-03
9.350061416625976562e-03
9.403188712894916534e-03
9.436896070837974548e-03
9.459128603339195251e-03
9.490904398262500763e-03
9.544009342789649963e-03
9.566392749547958374e-03
9.539129212498664856e-03
9.463582187891006470e-03
9.380104951560497284e-03
9.318476542830467224e-03
9.288558736443519592e-03
9.287559427320957184e-03
9.313819929957389832e-03
9.373504668474197388e-03
9.422135539352893829e-03
9.420433081686496735e-03
9.342113509774208069e-03
9.228080511093139648e-03
9.150745347142219543e-03
9.134180843830108643e-03
9.178572334349155426e-03
9.258151054382324219e-03
9.331231936812400818e-03
9.395314380526542664e-03
9.413559921085834503e-03
9.413786232471466064e-03
9.384054690599441528e-03
9.357099421322345734e-03
9.358922019600868225e-03
9.409515187144279480e-03
9.496859274804592133e-03
9.547778405249118805e-03
9.545631706714630127e-03
9.524673223495483398e-03
9.544184431433677673e-03
9.624919854104518890e-03
9.683724492788314819e-03
9.698887355625629425e-03
9.607849642634391785e-03
9.505964815616607666e-03
9.434269741177558899e-03
9.423322975635528564e-03
9.394225664436817169e-03
9.361153468489646912e-03
9.324504993855953217e-03
9.329719468951225281e-03
9.370455518364906311e-03
9.397215209901332855e-03
9.383808821439743042e-03
9.331026114523410797e-03
9.284731931984424591e-03
9.263304993510246277e-03
9.285464882850646973e-03
9.319392964243888855e-03
9.339094161987304688e-03
9.348032996058464050e-03
9.339455515146255493e-03
9.320737794041633606e-03
9.288864210247993469e-03
9.249714203178882599e-03
9.186754003167152405e-03
9.124353528022766113e-03
9.089747443795204163e-03
9.067152626812458038e-03
9.066503494977951050e-03
9.089468047022819519e-03
9.117605164647102356e-03
9.153570048511028290e-03
9.188654832541942596e-03
9.218458086252212524e-03
9.251030161976814270e-03
9.276580065488815308e-03
9.277222678065299988e-03
9.265684522688388824e-03
9.252492338418960571e-03
9.252984076738357544e-03
9.257568977773189545e-03
9.259808808565139771e-03
9.268589317798614502e-03
9.267529472708702087e-03
9.270886890590190887e-03
9.280864149332046509e-03
9.272920899093151093e-03
9.246211498975753784e-03
9.175885468721389771e-03
9.116871282458305359e-03
9.092936292290687561e-03
9.129621088504791260e-03
9.158842265605926514e-03
9.153560735285282135e-03
9.096017107367515564e-03
9.025515988469123840e-03
8.989954367280006409e-03
9.004616178572177887e-03
9.043848142027854919e-03
9.057337418198585510e-03
9.021260775625705719e-03
8.951627649366855621e-03
8.902873843908309937e-03
8.918107487261295319e-03
8.997805416584014893e-03
9.122561663389205933e-03
9.235458448529243469e-03
9.326960891485214233e-03
9.365003556013107300e-03
9.353780187666416168e-03
9.289281442761421204e-03
9.196257218718528748e-03
9.113584645092487335e-03
9.088106453418731689e-03
9.123936295509338379e-03
9.198160842061042786e-03
9.242163039743900299e-03
9.245119057595729828e-03
9.218795225024223328e-03
9.209332987666130066e-03
9.231658652424812317e-03
9.274146519601345062e-03
9.313309565186500549e-03
9.307428263127803802e-03
9.246429428458213806e-03
9.136699140071868896e-03
9.037725627422332764e-03
9.006166830658912659e-03
9.054541587829589844e-03
9.122903458774089813e-03
9.170934557914733887e-03
9.167500771582126617e-03
9.125471115112304688e-03
9.054822847247123718e-03
8.978150784969329834e-03
8.917979896068572998e-03
8.910906501114368439e-03
8.967055939137935638e-03
9.047464467585086823e-03
9.122930467128753662e-03
9.165342897176742554e-03
9.168491698801517487e-03
9.176285937428474426e-03
9.178889915347099304e-03
9.178863838315010071e-03
9.118212386965751648e-03
9.022200480103492737e-03
8.915527723729610443e-03
8.846220560371875763e-03
8.824631571769714355e-03
8.845379576086997986e-03
8.872749283909797668e-03
8.890269324183464050e-03
8.898134343326091766e-03
8.900182321667671204e-03
8.873932063579559326e-03
8.826950564980506897e-03
8.768437430262565613e-03
8.718496188521385193e-03
8.694438263773918152e-03
8.702577091753482819e-03
8.734975010156631470e-03
8.789502084255218506e-03
8.854725398123264313e-03
8.936051279306411743e-03
9.007839486002922058e-03
9.063351899385452271e-03
9.083345532417297363e-03
9.087567217648029327e-03
9.079890325665473938e-03
9.075768291950225830e-03
9.045793674886226654e-03
8.999029174447059631e-03
8.927580900490283966e-03
8.881327696144580841e-03
8.870824240148067474e-03
8.902614936232566833e-03
8.951839059591293335e-03
8.988535962998867035e-03
8.981670252978801727e-03
8.933100849390029907e-03
8.889576420187950134e-03
8.886322379112243652e-03
8.941972628235816956e-03
9.011321701109409332e-03
9.037333540618419647e-03
9.039005264639854431e-03
9.033633396029472351e-03
9.071863256394863129e-03
9.124140255153179169e-03
9.127109311521053314e-03
9.052075445652008057e-03
8.914794772863388062e-03
8.810184895992279053e-03
8.778202347457408905e-03
8.841874077916145325e-03
8.937714621424674988e-03
9.031502529978752136e-03
9.039402008056640625e-03
9.010264649987220764e-03
8.981423452496528625e-03
9.026316925883293152e-03
9.102218784391880035e-03
9.161455556750297546e-03
9.135211817920207977e-03
9.025909937918186188e-03
8.913729339838027954e-03
8.860187605023384094e-03
8.867008611559867859e-03
8.876567706465721130e-03
8.853105828166007996e-03
8.806556463241577148e-03
8.776646107435226440e-03
8.773088455200195312e-03
8.774440735578536987e-03
8.779732510447502136e-03
8.779323659837245941e-03
8.803647011518478394e-03
8.849417790770530701e-03
8.877499029040336609e-03
8.868006989359855652e-03
8.813405409455299377e-03
8.785692974925041199e-03
8.803911507129669189e-03
8.865303359925746918e-03
8.907942101359367371e-03
8.881284855306148529e-03
8.799790404736995697e-03
8.692072704434394836e-03
8.625765331089496613e-03
8.616782724857330322e-03
8.663041517138481140e-03
8.731554262340068817e-03
8.791835978627204895e-03
8.805319666862487793e-03
8.764654397964477539e-03
8.708354085683822632e-03
8.666018955409526825e-03
8.679891005158424377e-03
8.744686841964721680e-03
8.837855421006679535e-03
8.923700079321861267e-03
8.960961364209651947e-03
8.952694013714790344e-03
8.871169760823249817e-03
8.787184953689575195e-03
8.693302981555461884e-03
8.645448833703994751e-03
8.636979386210441589e-03
8.695052936673164368e-03
8.786501362919807434e-03
8.856322616338729858e-03
8.866234682500362396e-03
8.805906400084495544e-03
8.729375898838043213e-03
8.688597008585929871e-03
8.708285167813301086e-03
8.755462244153022766e-03
8.768866769969463348e-03
8.694907650351524353e-03
8.590572513639926910e-03
8.522223681211471558e-03
8.546376600861549377e-03
8.626319468021392822e-03
8.713348768651485443e-03
8.754022419452667236e-03
8.732262998819351196e-03
8.690284565091133118e-03
8.659282699227333069e-03
8.675003424286842346e-03
8.714950643479824066e-03
8.742544800043106079e-03
8.742323145270347595e-03
8.738134056329727173e-03
8.747311308979988098e-03
8.771252818405628204e-03
8.786043152213096619e-03
8.793904446065425873e-03
8.773766458034515381e-03
8.752079680562019348e-03
8.737988770008087158e-03
