2.824474573135375977e-01
2.662530541419982910e-01
2.463735193014144897e-01
2.321390062570571899e-01
2.177353799343109131e-01
2.000725865364074707e-01
1.887520849704742432e-01
1.811132580041885376e-01
1.759142875671386719e-01
1.753195077180862427e-01
1.751866936683654785e-01
1.731012761592864990e-01
1.709463596343994141e-01
1.693634986877441406e-01
1.678374111652374268e-01
1.670809388160705566e-01
1.667937636375427246e-01
1.657891273498535156e-01
1.645043045282363892e-01
1.636862754821777344e-01
1.629998832941055298e-01
1.622013449668884277e-01
1.615632474422454834e-01
1.610070765018463135e-01
1.603280901908874512e-01
