2.824474573135375977e-01
2.662530541419982910e-01
2.463735193014144897e-01
2.321390062570571899e-01
2.177353799343109131e-01
2.000725865364074707e-01
1.887520849704742432e-01
1.811132580041885376e-01
1.759142875671386719e-01
1.753195077180862427e-01
1.751866936683654785e-01
1.731012761592864990e-01
1.709463596343994141e-01
1.693634986877441406e-01
1.678374111652374268e-01
1.670809388160705566e-01
1.667937636375427246e-01
1.657891273498535156e-01
1.645043045282363892e-01
1.636862754821777344e-01
1.629998832941055298e-01
1.622013449668884277e-01
1.615632474422454834e-01
1.610070765018463135e-01
1.603280901908874512e-01
1.597505807876586914e-01
1.593772768974304199e-01
1.589400172233581543e-01
1.583934873342514038e-01
1.579144746065139771e-01
1.574746966361999512e-01
1.570039391517639160e-01
1.565983891487121582e-01
1.562741696834564209e-01
1.559164226055145264e-01
1.555379629135131836e-01
1.552207022905349731e-01
1.549144238233566284e-01
1.545794904232025146e-01
1.542767286300659180e-01
1.539939790964126587e-01
1.536816954612731934e-01
1.533797681331634521e-01
1.531037390232086182e-01
1.528167724609375000e-01
1.525435447692871094e-01
1.523036658763885498e-01
1.520529389381408691e-01
1.517921090126037598e-01
1.515473425388336182e-01
1.513004601001739502e-01
1.510574817657470703e-01
1.508330106735229492e-01
1.506010890007019043e-01
1.503643840551376343e-01
1.501418203115463257e-01
1.499199718236923218e-01
1.496994942426681519e-01
1.494836807250976562e-01
1.492606848478317261e-01
1.490423083305358887e-01
1.488329917192459106e-01
1.486206650733947754e-01
1.484109312295913696e-01
1.482027471065521240e-01
1.479928344488143921e-01
1.477878987789154053e-01
1.475826650857925415e-01
1.473773866891860962e-01
1.471748054027557373e-01
1.469690203666687012e-01
1.467645913362503052e-01
1.465625315904617310e-01
1.463599205017089844e-01
1.461580246686935425e-01
1.459542214870452881e-01
1.457513570785522461e-01
1.455496102571487427e-01
1.453462690114974976e-01
1.451437324285507202e-01
1.449404954910278320e-01
1.447371840476989746e-01
1.445337831974029541e-01
1.443297863006591797e-01
1.441262811422348022e-01
1.439213901758193970e-01
1.437163352966308594e-01
1.435111165046691895e-01
1.433054804801940918e-01
1.430992484092712402e-01
1.428920030593872070e-01
1.426848769187927246e-01
1.424769461154937744e-01
1.422683894634246826e-01
1.420589983463287354e-01
1.418492197990417480e-01
1.416386365890502930e-01
1.414269208908081055e-01
1.412145942449569702e-01
1.410015523433685303e-01
1.407876461744308472e-01
1.405725479125976562e-01
1.403568238019943237e-01
1.401399672031402588e-01
1.399220824241638184e-01
1.397030353546142578e-01
1.394829154014587402e-01
1.392614841461181641e-01
1.390388309955596924e-01
1.388147175312042236e-01
1.385892331600189209e-01
1.383621096611022949e-01
1.381332725286483765e-01
1.379026174545288086e-01
1.376700699329376221e-01
1.374354660511016846e-01
1.371987760066986084e-01
1.369599252939224243e-01
1.367188990116119385e-01
1.364756524562835693e-01
1.362302005290985107e-01
1.359824687242507935e-01
1.357325166463851929e-01
1.354802846908569336e-01
1.352257877588272095e-01
1.349690854549407959e-01
1.347101628780364990e-01
1.344491243362426758e-01
1.341859698295593262e-01
1.339207738637924194e-01
1.336535364389419556e-01
1.333843022584915161e-01
1.331130564212799072e-01
1.328398287296295166e-01
1.325646191835403442e-01
1.322873681783676147e-01
1.320080757141113281e-01
1.317266821861267090e-01
1.314431726932525635e-01
1.311575472354888916e-01
1.308698058128356934e-01
1.305799931287765503e-01
1.302881538867950439e-01
1.299942731857299805e-01
1.296984553337097168e-01
1.294007003307342529e-01
1.291010081768035889e-01
1.287994384765625000e-01
1.284958869218826294e-01
1.281903982162475586e-01
