2.824474573135375977e-01
2.662530541419982910e-01
2.463735193014144897e-01
2.321390062570571899e-01
2.177353799343109131e-01
2.000725865364074707e-01
1.887520849704742432e-01
1.811132580041885376e-01
1.759142875671386719e-01
1.753195077180862427e-01
1.751866936683654785e-01
1.731012761592864990e-01
1.709463596343994141e-01
1.693634986877441406e-01
1.678374111652374268e-01
1.670809388160705566e-01
1.667937636375427246e-01
1.657891273498535156e-01
1.645043045282363892e-01
1.636862754821777344e-01
1.629998832941055298e-01
1.622013449668884277e-01
1.615632474422454834e-01
1.610070765018463135e-01
1.603280901908874512e-01
1.597505807876586914e-01
1.593772768974304199e-01
1.589400172233581543e-01
1.583934873342514038e-01
1.579144746065139771e-01
1.574746966361999512e-01
1.570039391517639160e-01
1.565983891487121582e-01
1.562741696834564209e-01
1.559164226055145264e-01
1.555379629135131836e-01
1.552207022905349731e-01
1.549144238233566284e-01
1.545794904232025146e-01
1.542767286300659180e-01
1.539939790964126587e-01
1.536816954612731934e-01
1.533797681331634521e-01
1.531037390232086182e-01
1.528167724609375000e-01
1.525435447692871094e-01
1.523036658763885498e-01
1.520529389381408691e-01
1.517921090126037598e-01
1.515473425388336182e-01
1.513004601001739502e-01
1.510574817657470703e-01
1.508330106735229492e-01
1.506010890007019043e-01
1.503643840551376343e-01
1.501418203115463257e-01
1.499199718236923218e-01
1.496994942426681519e-01
1.494836807250976562e-01
1.492606848478317261e-01
1.490423083305358887e-01
1.488329917192459106e-01
1.486206650733947754e-01
1.484109312295913696e-01
1.482027471065521240e-01
1.479928344488143921e-01
1.477878987789154053e-01
1.475826650857925415e-01
1.473773866891860962e-01
1.471748054027557373e-01
1.469690203666687012e-01
1.467645913362503052e-01
1.465625315904617310e-01
1.463599205017089844e-01
1.461580246686935425e-01
1.459542214870452881e-01
1.457513570785522461e-01
1.455496102571487427e-01
1.453462690114974976e-01
1.451437324285507202e-01
1.449404954910278320e-01
1.447371840476989746e-01
1.445337831974029541e-01
1.443297863006591797e-01
1.441262811422348022e-01
1.439213901758193970e-01
1.437163352966308594e-01
1.435111165046691895e-01
1.433054804801940918e-01
1.430992484092712402e-01
1.428920030593872070e-01
1.426848769187927246e-01
1.424769461154937744e-01
1.422683894634246826e-01
1.420589983463287354e-01
1.418492197990417480e-01
1.416386365890502930e-01
1.414269208908081055e-01
1.412145942449569702e-01
1.410015523433685303e-01
1.407876461744308472e-01
1.405725479125976562e-01
1.403568238019943237e-01
1.401399672031402588e-01
1.399220824241638184e-01
1.397030353546142578e-01
1.394829154014587402e-01
1.392614841461181641e-01
1.390388309955596924e-01
1.388147175312042236e-01
1.385892331600189209e-01
1.383621096611022949e-01
1.381332725286483765e-01
1.379026174545288086e-01
1.376700699329376221e-01
1.374354660511016846e-01
1.371987760066986084e-01
1.369599252939224243e-01
1.367188990116119385e-01
1.364756524562835693e-01
1.362302005290985107e-01
1.359824687242507935e-01
1.357325166463851929e-01
1.354802846908569336e-01
1.352257877588272095e-01
1.349690854549407959e-01
1.347101628780364990e-01
1.344491243362426758e-01
1.341859698295593262e-01
1.339207738637924194e-01
1.336535364389419556e-01
1.333843022584915161e-01
1.331130564212799072e-01
1.328398287296295166e-01
1.325646191835403442e-01
1.322873681783676147e-01
1.320080757141113281e-01
1.317266821861267090e-01
1.314431726932525635e-01
1.311575472354888916e-01
1.308698058128356934e-01
1.305799931287765503e-01
1.302881538867950439e-01
1.299942731857299805e-01
1.296984553337097168e-01
1.294007003307342529e-01
1.291010081768035889e-01
1.287994384765625000e-01
1.284958869218826294e-01
1.281903982162475586e-01
1.278829276561737061e-01
1.275735050439834595e-01
1.272621452808380127e-01
1.269488930702209473e-01
1.266337782144546509e-01
1.263168305158615112e-01
1.259980052709579468e-01
1.256772279739379883e-01
1.253543794155120850e-01
1.250293403863906860e-01
1.247019171714782715e-01
1.243719384074211121e-01
1.240392029285430908e-01
1.237035244703292847e-01
1.233647242188453674e-01
1.230226755142211914e-01
1.226772218942642212e-01
1.223283186554908752e-01
1.219759210944175720e-01
1.216200590133666992e-01
1.212608441710472107e-01
1.208988502621650696e-01
1.205369234085083008e-01
1.201917007565498352e-01
1.199566423892974854e-01
1.202632486820220947e-01
1.210980564355850220e-01
1.216321289539337158e-01
1.198561489582061768e-01
1.184177696704864502e-01
1.193647906184196472e-01
1.180922836065292358e-01
1.176714003086090088e-01
1.177175492048263550e-01
1.167689785361289978e-01
1.167480796575546265e-01
1.162604242563247681e-01
1.157625764608383179e-01
1.156465262174606323e-01
1.149796396493911743e-01
1.148558408021926880e-01
1.143352091312408447e-01
1.140082627534866333e-01
1.136928126215934753e-01
1.132230609655380249e-01
1.129835247993469238e-01
1.125311702489852905e-01
1.122078523039817810e-01
1.118670329451560974e-01
1.114534586668014526e-01
1.111581251025199890e-01
1.107523068785667419e-01
1.104182004928588867e-01
1.100641489028930664e-01
1.096848249435424805e-01
1.093482524156570435e-01
1.089771687984466553e-01
1.086160838603973389e-01
1.082638427615165710e-01
1.078944131731987000e-01
1.075335890054702759e-01
1.071822121739387512e-01
1.068173199892044067e-01
1.064460873603820801e-01
1.060880571603775024e-01
1.057324856519699097e-01
1.053702309727668762e-01
1.050078719854354858e-01
1.046481281518936157e-01
1.042926758527755737e-01
1.039283275604248047e-01
1.035670861601829529e-01
1.032110899686813354e-01
1.028671413660049438e-01
1.025409251451492310e-01
1.022540777921676636e-01
1.020021438598632812e-01
1.016390323638916016e-01
1.012091487646102905e-01
1.008998304605484009e-01
1.005716919898986816e-01
1.002018153667449951e-01
9.994456171989440918e-02
9.956605732440948486e-02
9.917749464511871338e-02
9.886729717254638672e-02
9.846712648868560791e-02
9.813964366912841797e-02
9.776896238327026367e-02
9.740927815437316895e-02
9.713608771562576294e-02
9.686253964900970459e-02
9.649924933910369873e-02
9.614939242601394653e-02
9.586657583713531494e-02
9.551030397415161133e-02
9.519217163324356079e-02
9.494467824697494507e-02
9.467756003141403198e-02
9.437016397714614868e-02
9.402918815612792969e-02
9.360951185226440430e-02
9.326842427253723145e-02
9.297376871109008789e-02
9.260880947113037109e-02
9.227387607097625732e-02
9.195648133754730225e-02
9.161871671676635742e-02
9.128254652023315430e-02
9.093208611011505127e-02
9.060913324356079102e-02
9.031506627798080444e-02
8.999371528625488281e-02
8.969920128583908081e-02
8.943693339824676514e-02
8.916012942790985107e-02
8.888828009366989136e-02
8.859968185424804688e-02
8.832366764545440674e-02
8.804998546838760376e-02
8.785137534141540527e-02
8.766546845436096191e-02
8.751839399337768555e-02
8.720988035202026367e-02
8.688858151435852051e-02
8.651806414127349854e-02
8.605743944644927979e-02
8.568628132343292236e-02
8.544892817735671997e-02
8.514967560768127441e-02
8.481715619564056396e-02
8.450358361005783081e-02
8.419778198003768921e-02
8.390355110168457031e-02
8.362796902656555176e-02
8.332355320453643799e-02
8.305650949478149414e-02
8.278049528598785400e-02
8.247634768486022949e-02
8.221695572137832642e-02
8.195240795612335205e-02
8.167359232902526855e-02
8.144467324018478394e-02
8.125078678131103516e-02
8.104438334703445435e-02
8.083119988441467285e-02
8.057584613561630249e-02
8.026189357042312622e-02
7.998508214950561523e-02
7.980871945619583130e-02
7.956901937723159790e-02
7.919549196958541870e-02
7.890786975622177124e-02
7.863248884677886963e-02
7.831059396266937256e-02
7.805377244949340820e-02
7.780453562736511230e-02
7.752372324466705322e-02
7.724457979202270508e-02
7.703116536140441895e-02
7.682271301746368408e-02
7.661430537700653076e-02
7.638208568096160889e-02
7.613244652748107910e-02
7.588803023099899292e-02
7.572762668132781982e-02
7.556629180908203125e-02
7.526689767837524414e-02
7.498164474964141846e-02
7.466718554496765137e-02
7.445812225341796875e-02
7.416272163391113281e-02
7.393115013837814331e-02
7.373759895563125610e-02
7.346274703741073608e-02
7.323116809129714966e-02
7.305449247360229492e-02
7.278467714786529541e-02
7.253453135490417480e-02
7.231965661048889160e-02
7.203351706266403198e-02
7.180376350879669189e-02
7.160940021276473999e-02
7.135018706321716309e-02
7.111750543117523193e-02
7.090714573860168457e-02
7.073007524013519287e-02
7.052122056484222412e-02
7.034303992986679077e-02
7.016410678625106812e-02
6.999883800745010376e-02
6.982845067977905273e-02
6.965272128582000732e-02
6.940516084432601929e-02
6.914211809635162354e-02
6.886070221662521362e-02
6.860020011663436890e-02
6.838499754667282104e-02
6.815554201602935791e-02
6.788881123065948486e-02
